0.0 0.0
0.0 0.0
0.0 0.0
0.0 0.0
0.0 0.0
0.0 0.0
0.0 0.0
0.0 0.0
0.0 0.0
0.0 0.0
0.0 0.0
0.0 0.0
0.0 0.0
0.0 0.0
0.0 0.0
0.0 0.0
0.0 0.0
0.0 0.0
0.0 0.0
0.0 0.0
0.0 0.0
0.0 0.0
0.0 0.0
0.0 0.0
0.0 0.0
0.0 0.0
0.0 0.0
0.0 0.0
0.0 0.0
0.0 0.0
0.0 0.0
0.0 0.0
0.0 0.0
0.0 0.0
0.0 0.0
0.0 0.0
0.0 0.0
0.0 0.0
0.0 0.0
0.0 0.0
0.0 0.0
0.0 0.0
0.0 0.0
0.0 0.0
0.0 0.0
0.0 0.0
0.0 0.0
0.0 0.0
0.0 0.0
0.0 0.0
0.0 0.0
0.0 0.0
0.0 0.0
0.0 0.0
0.0 0.0
0.0011605705367401242 0.0
0.003893805667757988 0.0
0.00721242930740118 0.0
0.012549595907330513 4.093556071893545e-06
0.020193101838231087 1.1421678209444508e-05
0.02960086613893509 2.9460863515851088e-05
0.040789730846881866 5.306071398081258e-05
0.053335413336753845 6.749435124220327e-05
0.06836529076099396 5.020268872613087e-05
0.0837489664554596 3.54537733073812e-05
0.10086526721715927 5.842785685672425e-05
0.11927163600921631 3.372220089659095e-05
0.13883601129055023 2.9970778996357694e-05
0.15912467241287231 2.738655894063413e-06
0.178829163312912 4.8078207328217104e-05
0.197066068649292 0.0001320040028076619
0.21453116834163666 0.0002860570093616843
0.23102405667304993 0.0002797320776153356
0.2467302531003952 8.396625344175845e-05
0.26198455691337585 -4.766091296914965e-05
0.27685868740081787 -1.6288024198729545e-05
0.29119062423706055 -8.043677553359885e-06
0.3048766851425171 -8.043677553359885e-06
0.3179791569709778 -1.5580781109747477e-05
0.33057090640068054 1.3392507753451355e-05
0.34255024790763855 3.636266410467215e-05
0.35404905676841736 2.53383277595276e-05
0.36503130197525024 1.6915048036025837e-05
0.37563514709472656 3.114787978120148e-05
0.38565894961357117 2.73037967417622e-05
0.3952079713344574 1.4486757208942436e-05
0.4043698012828827 1.4486757208942436e-05
0.41294893622398376 1.7776812455849722e-05
0.42142295837402344 1.2902200069220271e-05
0.4294959604740143 6.710289198963437e-06
0.4372272491455078 5.2278314797149505e-06
0.44460228085517883 1.2298550245759543e-05
0.45174747705459595 2.7369391318643466e-05
0.45859232544898987 3.918175207218155e-05
0.46500492095947266 4.5329750719247386e-05
0.47115838527679443 4.06100953114219e-05
0.4771464765071869 3.83136939490214e-05
0.48274004459381104 3.724114139913581e-05
0.48804235458374023 3.2157615351025015e-05
0.493207186460495 2.8196227503940463e-05
0.4982222616672516 2.531133941374719e-05
0.5030810236930847 2.344801941944752e-05
0.5078356266021729 2.8006459615426138e-05
0.512244701385498 4.068799898959696e-05
0.5163835287094116 4.703686499851756e-05
0.5202827453613281 4.9279846280114725e-05
0.5239695906639099 5.42284942639526e-05
0.5276308655738831 5.914279245189391e-05
0.5311547517776489 6.522408511955291e-05
0.5343717336654663 6.707464490318671e-05
0.5363216996192932 6.408341869246215e-05
0.5369696021080017 6.197153561515734e-05
0.53727126121521 5.4045602155383676e-05
0.53727126121521 5.4045602155383676e-05
0.537143349647522 0.00010270338680129498
0.5366894006729126 0.0003180463390890509
0.5368088483810425 0.0002512529899831861
0.5369212031364441 0.00017311042756773531
0.5367647409439087 0.00030600460013374686
0.5375658869743347 -0.0004890306154266
0.5394997596740723 -0.002705052960664034
0.5421406626701355 -0.0061540380120277405
0.5454425811767578 -0.010982662439346313
0.5493945479393005 -0.017462879419326782
0.5536320209503174 -0.025408944115042686
0.5582830905914307 -0.03512682765722275
0.5631523728370667 -0.04643801972270012
0.5683320760726929 -0.05957251787185669
0.5734633207321167 -0.07400938123464584
0.5789432525634766 -0.0908903256058693
0.5842654705047607 -0.10889407247304916
0.5894979238510132 -0.12856251001358032
0.594312310218811 -0.14844456315040588
0.5986508131027222 -0.16793961822986603
0.6024260520935059 -0.1864367425441742
0.6057544350624084 -0.2045644372701645
0.6087262034416199 -0.2231704443693161
0.6108936667442322 -0.23855367302894592
0.6128444075584412 -0.25358641147613525
0.6146624684333801 -0.26837360858917236
0.6162225008010864 -0.28279420733451843
0.6174818277359009 -0.29700344800949097
0.6185406446456909 -0.31054332852363586
0.6194172501564026 -0.3235110342502594
0.6201640367507935 -0.3359787166118622
0.6208165287971497 -0.34778252243995667
0.6213537454605103 -0.35916292667388916
0.6217477321624756 -0.37003010511398315
0.6220232248306274 -0.3802909553050995
0.6221767663955688 -0.39017409086227417
0.6222437620162964 -0.3996172249317169
0.6222543120384216 -0.40880391001701355
0.6222035884857178 -0.4176263213157654
0.6221023201942444 -0.42600658535957336
0.6219764351844788 -0.43401309847831726
0.6218127012252808 -0.44163647294044495
0.621630072593689 -0.4488505721092224
0.6214264035224915 -0.45579105615615845
0.6212039589881897 -0.46249401569366455
0.6209561228752136 -0.46888962388038635
0.6207107305526733 -0.4744986891746521
0.620425820350647 -0.4805833399295807
0.6201440095901489 -0.48625272512435913
0.6198590993881226 -0.4916512072086334
0.6195725202560425 -0.496799111366272
0.6192877888679504 -0.5016143321990967
0.6189976930618286 -0.5062344074249268
0.6187087893486023 -0.5106722116470337
0.6184168457984924 -0.5150406360626221
0.6181321740150452 -0.5191931128501892
0.617856502532959 -0.5230828523635864
0.617591381072998 -0.5267339944839478
0.6173252463340759 -0.5303137302398682
0.6170607209205627 -0.5338266491889954
0.6169080138206482 -0.5358392596244812
0.6168510913848877 -0.536578357219696
0.6168228983879089 -0.5371935963630676
0.6168665289878845 -0.537601888179779
0.6168848872184753 -0.5376675128936768
0.6168233156204224 -0.5375078916549683
0.616809070110321 -0.5374767780303955
0.6168949007987976 -0.5376201868057251
0.6170191764831543 -0.5377835631370544
0.6171104907989502 -0.5378854870796204
0.617942750453949 -0.5386925935745239
0.6200617551803589 -0.5404783487319946
0.6235764622688293 -0.5430881977081299
0.6282162666320801 -0.5461295247077942
0.6349146366119385 -0.5499905347824097
0.6430615186691284 -0.5541916489601135
0.65285724401474 -0.5587764978408813
0.6641696095466614 -0.5635565519332886
0.6773471236228943 -0.5686513185501099
0.6919611096382141 -0.573810875415802
0.7082215547561646 -0.578999936580658
0.7262551784515381 -0.5842596292495728
0.7459154725074768 -0.5894898772239685
0.7653471827507019 -0.5942307710647583
0.784148097038269 -0.5984337329864502
0.8020652532577515 -0.6020584106445312
0.8195371627807617 -0.6052213907241821
0.8363417983055115 -0.608051061630249
0.8524539470672607 -0.610608696937561
0.8678567409515381 -0.6128331422805786
0.8823758959770203 -0.6147059202194214
0.8966735005378723 -0.6162110567092896
0.910305917263031 -0.6174403429031372
0.9236181378364563 -0.6185173392295837
0.9363805651664734 -0.6193972826004028
0.9480262398719788 -0.6200634241104126
0.9599892497062683 -0.6206212639808655
0.9711650013923645 -0.6210436224937439
0.9817628264427185 -0.6213769912719727
0.9920423030853271 -0.6216017007827759
1.001991629600525 -0.6217371821403503
1.011193871498108 -0.6218077540397644
1.0201226472854614 -0.6218265891075134
1.028777003288269 -0.6217817664146423
1.0369857549667358 -0.6216904520988464
1.044729232788086 -0.6215686798095703
1.0523568391799927 -0.6214121580123901
1.0596784353256226 -0.6212254166603088
1.0665074586868286 -0.6210171580314636
1.072935938835144 -0.6207976341247559
1.0791562795639038 -0.6205697059631348
1.085156798362732 -0.6203290820121765
1.0909658670425415 -0.6200693845748901
1.0965732336044312 -0.6197982430458069
1.101968765258789 -0.6195176243782043
1.1071256399154663 -0.6192305684089661
1.1119968891143799 -0.6189537644386292
1.116539716720581 -0.6186904311180115
1.120774507522583 -0.6184449195861816
1.1250362396240234 -0.6181978583335876
1.1286883354187012 -0.6179819107055664
1.1324787139892578 -0.6177483201026917
1.136156678199768 -0.6175117492675781
1.1398098468780518 -0.617265522480011
1.143324375152588 -0.6170178055763245
1.1466351747512817 -0.616776168346405
1.1485111713409424 -0.6166349053382874
1.1493637561798096 -0.6165667772293091
1.149704098701477 -0.6165297627449036
1.1501010656356812 -0.6164246201515198
1.1501634120941162 -0.6163961887359619
1.1498960256576538 -0.6165487170219421
1.1498388051986694 -0.6165859699249268
1.1495469808578491 -0.6168234944343567
1.1498700380325317 -0.6165178418159485
1.150752305984497 -0.615517795085907
1.1524571180343628 -0.613291323184967
1.1549750566482544 -0.6095832586288452
1.157930612564087 -0.6046329140663147
1.1616456508636475 -0.5974657535552979
1.165350317955017 -0.589458703994751
1.1691358089447021 -0.5803642272949219
1.1737302541732788 -0.5681688189506531
1.1778309345245361 -0.5560910701751709
1.1824461221694946 -0.5409082174301147
1.186987042427063 -0.5240991115570068
1.1914665699005127 -0.5057231783866882
1.1958308219909668 -0.48586127161979675
1.2000737190246582 -0.46431484818458557
1.2041115760803223 -0.4414091110229492
1.208007574081421 -0.41686537861824036
1.211696743965149 -0.39107567071914673
1.215272068977356 -0.36463698744773865
1.2188669443130493 -0.337505042552948
1.222419261932373 -0.3103346526622772
1.2260420322418213 -0.282749205827713
1.2295656204223633 -0.2554733157157898
1.2331520318984985 -0.22779400646686554
1.2366664409637451 -0.20050707459449768
1.240241289138794 -0.17258167266845703
1.2437407970428467 -0.1453273445367813
1.2473022937774658 -0.1181270182132721
1.250986099243164 -0.09040596336126328
1.2545180320739746 -0.06351223587989807
1.2581413984298706 -0.03588072955608368
1.2616627216339111 -0.009185997769236565
1.2650365829467773 0.017169827595353127
1.2679306268692017 0.04251180961728096
1.270135521888733 0.06755384802818298
1.2712785005569458 0.09109516441822052
1.2718955278396606 0.11359037458896637
1.2722506523132324 0.13537932932376862
1.2723580598831177 0.15611755847930908
1.2723089456558228 0.1758364588022232
1.2720900774002075 0.19424602389335632
1.2716424465179443 0.2119257003068924
1.2709931135177612 0.22928299009799957
1.2702316045761108 0.24595770239830017
1.269356608390808 0.26156798005104065
1.2683755159378052 0.276774525642395
1.2673121690750122 0.29126566648483276
1.2661981582641602 0.30497023463249207
1.2650634050369263 0.3181184232234955
1.2638736963272095 0.33061549067497253
1.2626290321350098 0.3426605463027954
1.261399745941162 0.35408517718315125
1.2601749897003174 0.365032821893692
1.2589296102523804 0.3756493926048279
1.2576864957809448 0.38569700717926025
1.2564635276794434 0.39526501297950745
1.2552495002746582 0.40448197722435
1.2540466785430908 0.4133641719818115
1.2527837753295898 0.42247891426086426
1.251664161682129 0.4303816258907318
1.2505725622177124 0.4379299283027649
1.249485731124878 0.44517049193382263
1.2484025955200195 0.45219358801841736
1.2473576068878174 0.4588840901851654
1.2463730573654175 0.4652358293533325
1.2454171180725098 0.47134143114089966
1.244480013847351 0.4772520363330841
1.2435575723648071 0.4830276072025299
1.2426820993423462 0.48848235607147217
1.2418577671051025 0.493549644947052
1.2410519123077393 0.4984096586704254
1.2402656078338623 0.5030789971351624
1.2394987344741821 0.5075649619102478
1.238764762878418 0.511814296245575
1.2380170822143555 0.5160943865776062
1.23731529712677 0.5200706720352173
1.2366663217544556 0.5237074494361877
1.2360364198684692 0.5272021293640137
1.235406756401062 0.5306686162948608
1.2347990274429321 0.5340004563331604
1.2344038486480713 0.5361527800559998
1.2343101501464844 0.5366573929786682
1.2342842817306519 0.536817193031311
1.2342802286148071 0.5370224714279175
1.2342506647109985 0.5368540287017822
1.2341159582138062 0.5363588929176331
1.2341266870498657 0.5363907814025879
1.2341115474700928 0.5363601446151733
1.234017252922058 0.536217451095581
1.2335686683654785 0.5356586575508118
1.2341487407684326 0.5362859964370728
1.2365872859954834 0.538587212562561
1.2398892641067505 0.5412560701370239
1.2445493936538696 0.5446162223815918
1.2508286237716675 0.548701286315918
1.2584972381591797 0.553100049495697
1.2678117752075195 0.5578110218048096
1.278883457183838 0.5628796219825745
1.2916964292526245 0.5682157278060913
1.3063212633132935 0.5737286806106567
1.322521448135376 0.5793367028236389
1.340423822402954 0.5849968194961548
1.3597973585128784 0.5905426144599915
1.378902792930603 0.5955234169960022
1.3976047039031982 0.600010335445404
1.4156700372695923 0.6040306687355042
1.4329885244369507 0.6076380610466003
1.4495168924331665 0.6106531620025635
1.4655654430389404 0.613184928894043
1.4808152914047241 0.6153365969657898
1.4952162504196167 0.6171717047691345
1.5091866254806519 0.6187318563461304
1.5229411125183105 0.6201025247573853
1.5361579656600952 0.6212611198425293
1.548915982246399 0.6221948266029358
1.5610657930374146 0.622952938079834
1.572611927986145 0.6235668063163757
1.5836107730865479 0.6240500807762146
1.5942078828811646 0.6244037747383118
1.6043329238891602 0.6246640086174011
1.6140413284301758 0.6248390078544617
1.6234490871429443 0.6249346137046814
1.632340431213379 0.6249465346336365
1.640875220298767 0.6249089241027832
1.6489136219024658 0.6248164176940918
1.656675934791565 0.6246720552444458
1.6641114950180054 0.6244795322418213
1.6712212562561035 0.624255895614624
1.6780474185943604 0.6240097284317017
1.6846145391464233 0.6237438917160034
1.6908516883850098 0.6234602332115173
1.6931648254394531 0.6233412623405457
1.6986305713653564 0.6230475306510925
1.7050111293792725 0.6226874589920044
1.7099276781082153 0.6223711967468262
1.7156269550323486 0.6219760775566101
1.7207387685775757 0.6216186881065369
1.7255480289459229 0.6212639212608337
1.730085015296936 0.6209187507629395
1.7342382669448853 0.6205851435661316
1.7382603883743286 0.6202543377876282
1.7421470880508423 0.6199256181716919
1.7458261251449585 0.619609534740448
1.749438762664795 0.6192907691001892
1.752845287322998 0.6189822554588318
1.7560731172561646 0.6186836957931519
1.7580828666687012 0.618493914604187
1.7587825059890747 0.618427038192749
1.7590203285217285 0.6183980107307434
1.7591193914413452 0.6183709502220154
1.7589367628097534 0.6184566617012024
1.7586424350738525 0.6186313033103943
1.7585855722427368 0.618669331073761
1.758743405342102 0.6185406446456909
1.7587193250656128 0.6185649633407593
1.759494423866272 0.6176545023918152
1.7612131834030151 0.6153610944747925
1.7636356353759766 0.6116437315940857
1.766603708267212 0.6064921617507935
1.7699644565582275 0.5997544527053833
1.7737349271774292 0.5912878513336182
1.7776620388031006 0.581335186958313
1.781819224357605 0.5695961713790894
1.7860355377197266 0.5562958717346191
1.7903399467468262 0.5412262678146362
1.7946467399597168 0.5244293212890625
1.7989370822906494 0.5059380531311035
1.8031680583953857 0.485800176858902
1.8072329759597778 0.4642205536365509
1.8112553358078003 0.4404437839984894
1.8149899244308472 0.4157567620277405
1.8184630870819092 0.3898865580558777
1.821814775466919 0.3630506694316864
1.8251278400421143 0.3355381190776825
1.8283193111419678 0.30828651785850525
1.8315565586090088 0.2801778018474579
1.8347584009170532 0.2520443797111511
1.8378634452819824 0.22399650514125824
1.840942621231079 0.19593609869480133
1.8441187143325806 0.16719545423984528
1.847143292427063 0.13938716053962708
1.8501791954040527 0.11081148684024811
1.8531886339187622 0.08299253135919571
1.856162428855896 0.05469176918268204
1.8590459823608398 0.026890568435192108
1.8618179559707642 -0.0004999227821826935
1.8643505573272705 -0.027321115136146545
1.8663944005966187 -0.05320221930742264
1.8675205707550049 -0.07786141335964203
1.86807119846344 -0.10101737082004547
1.8686679601669312 -0.12324430793523788
1.8691184520721436 -0.1444089412689209
1.869114637374878 -0.16442430019378662
1.8687427043914795 -0.18344056606292725
1.8683701753616333 -0.20211739838123322
1.8681610822677612 -0.2197018712759018
1.8678953647613525 -0.23680612444877625
1.8673572540283203 -0.25330808758735657
1.8666000366210938 -0.2689656913280487
1.865735650062561 -0.2839258909225464
1.8648420572280884 -0.2981589734554291
1.864050269126892 -0.31150710582733154
1.863349199295044 -0.3243691921234131
1.8626289367675781 -0.3363173007965088
1.8617656230926514 -0.34856414794921875
1.860871434211731 -0.35994189977645874
1.8599933385849 -0.3707442879676819
1.8591194152832031 -0.3811734914779663
1.8582412004470825 -0.39108219742774963
1.8573564291000366 -0.4005495011806488
1.856473445892334 -0.4096399247646332
1.8556017875671387 -0.4183187782764435
1.8547310829162598 -0.42679309844970703
1.8539074659347534 -0.43468913435935974
1.8531043529510498 -0.44220754504203796
1.8523097038269043 -0.44944870471954346
1.8515312671661377 -0.45634719729423523
1.8507665395736694 -0.4629647731781006
1.8500030040740967 -0.46945253014564514
1.8492670059204102 -0.4755646884441376
1.8485521078109741 -0.4813880920410156
1.847859263420105 -0.48695284128189087
1.8472036123275757 -0.49214601516723633
1.846551537513733 -0.497270792722702
1.8459126949310303 -0.5022237300872803
1.84529447555542 -0.5069378614425659
1.844702124595642 -0.511401891708374
1.8441295623779297 -0.5156729221343994
1.8439229726791382 -0.5171916484832764
1.8433951139450073 -0.5210562944412231
1.8427960872650146 -0.5254605412483215
1.8423352241516113 -0.5287132859230042
1.841752529144287 -0.53278648853302
1.8412286043167114 -0.5364790558815002
1.840947151184082 -0.5384439826011658
1.8408606052398682 -0.5390499234199524
1.8408145904541016 -0.539458155632019
1.8408280611038208 -0.5397998690605164
1.8408420085906982 -0.5398668646812439
1.8408123254776 -0.539768636226654
1.8408362865447998 -0.5398327112197876
1.8407437801361084 -0.5396603941917419
1.8408429622650146 -0.5397997498512268
1.8409948348999023 -0.5399784445762634
1.8418347835540771 -0.5408313870429993
1.843924880027771 -0.5427032113075256
1.8475161790847778 -0.5455326437950134
1.8521016836166382 -0.5486451387405396
1.8583741188049316 -0.5524276494979858
1.8665252923965454 -0.5568510890007019
1.875900149345398 -0.5614311099052429
1.8870623111724854 -0.5663917660713196
1.899814248085022 -0.5715197920799255
1.9145196676254272 -0.576819658279419
1.93067467212677 -0.5821084976196289
1.948943018913269 -0.5875546336174011
1.9683287143707275 -0.5927795767784119
1.988063931465149 -0.597618579864502
2.0072293281555176 -0.6018336415290833
2.0251998901367188 -0.6052936911582947
2.04247784614563 -0.6081996560096741
2.058985471725464 -0.610706627368927
2.074563503265381 -0.612932026386261
2.0897293090820312 -0.6149030327796936
2.1045165061950684 -0.6166089773178101
2.1189773082733154 -0.6180696487426758
2.132713794708252 -0.6192976832389832
2.145728349685669 -0.6203229427337646
2.1585631370544434 -0.6211559176445007
2.1704530715942383 -0.62179034948349
2.1819417476654053 -0.6223216652870178
2.193089008331299 -0.6227300763130188
2.2037200927734375 -0.6230277419090271
2.213893175125122 -0.6232189536094666
2.223611831665039 -0.6233046650886536
2.2329559326171875 -0.6233261823654175
2.2409236431121826 -0.6232971549034119
2.2496464252471924 -0.6232035160064697
2.257960319519043 -0.6230615973472595
2.2661688327789307 -0.6228805780410767
2.2737584114074707 -0.6226738691329956
2.2806642055511475 -0.6224513649940491
2.28733491897583 -0.6221992373466492
2.293795108795166 -0.6219228506088257
2.3001163005828857 -0.6216256618499756
2.3061323165893555 -0.6213254928588867
2.3118720054626465 -0.6210247874259949
2.3173367977142334 -0.6207237243652344
2.322496175765991 -0.6204186677932739
2.327514171600342 -0.6201055645942688
2.3321542739868164 -0.619799017906189
2.33683180809021 -0.6194783449172974
2.341233491897583 -0.6191638112068176
2.34539532661438 -0.6188600063323975
2.349456548690796 -0.6185541749000549
2.3532421588897705 -0.6182610392570496
2.3569250106811523 -0.6179709434509277
2.360441207885742 -0.6176851391792297
2.363816022872925 -0.617402970790863
2.365929126739502 -0.6172226071357727
2.3666584491729736 -0.617158830165863
2.3672022819519043 -0.6170951128005981
2.3673341274261475 -0.6170589327812195
2.3674256801605225 -0.6170160174369812
2.367337226867676 -0.6170681118965149
2.3673083782196045 -0.6170864701271057
2.3673627376556396 -0.6170452833175659
2.3674371242523193 -0.6169745922088623
2.368170976638794 -0.6161620020866394
2.3700170516967773 -0.61387699842453
2.372511625289917 -0.6103635430335999
2.37560772895813 -0.6054803133010864
2.379291534423828 -0.5989571213722229
2.3832693099975586 -0.5910013318061829
2.3877158164978027 -0.5812193751335144
2.3924272060394287 -0.5698450207710266
2.397346019744873 -0.5566738843917847
2.4023354053497314 -0.5419604778289795
2.4073925018310547 -0.5256945490837097
2.4125874042510986 -0.5073339939117432
2.417673349380493 -0.4876706898212433
2.422292470932007 -0.4678828716278076
2.4265694618225098 -0.44769883155822754
2.430046319961548 -0.42910337448120117
2.4330854415893555 -0.4114070534706116
2.4362576007843018 -0.3914969563484192
2.438649892807007 -0.3759050965309143
2.4407894611358643 -0.36078330874443054
2.4425864219665527 -0.3457399606704712
2.4440464973449707 -0.33161142468452454
2.4453463554382324 -0.31737807393074036
2.4464316368103027 -0.30366915464401245
2.447349786758423 -0.2905341684818268
2.4481067657470703 -0.2778957486152649
2.448728084564209 -0.2660364806652069
2.449248790740967 -0.2546805441379547
2.449629306793213 -0.243841290473938
2.4499094486236572 -0.2334122359752655
2.4501097202301025 -0.22337615489959717
2.4502439498901367 -0.2137952297925949
2.450345993041992 -0.20462681353092194
2.450395107269287 -0.19580179452896118
2.450396776199341 -0.18742255866527557
2.4503610134124756 -0.17931543290615082
2.45029354095459 -0.17166487872600555
2.45017671585083 -0.1644153892993927
2.4500317573547363 -0.15753935277462006
2.4498605728149414 -0.15072208642959595
2.4496634006500244 -0.14408905804157257
2.449465751647949 -0.1383671760559082
2.4492592811584473 -0.13203763961791992
2.4490675926208496 -0.1259811967611313
2.448850154876709 -0.12047739326953888
2.44862961769104 -0.11560909450054169
2.448397397994995 -0.11082566529512405
2.4481565952301025 -0.1062125712633133
2.447920083999634 -0.1018410325050354
2.44767689704895 -0.097502201795578
2.447435140609741 -0.09337136149406433
2.4472005367279053 -0.08951491862535477
2.4469707012176514 -0.08580788969993591
2.4467430114746094 -0.08225681632757187
2.446512460708618 -0.07877518981695175
2.4462814331054688 -0.07536625862121582
2.446143865585327 -0.07337762415409088
2.446107864379883 -0.07287061214447021
2.4461026191711426 -0.07273383438587189
2.44612193107605 -0.07256385684013367
2.4460556507110596 -0.07278992980718613
2.4458587169647217 -0.07330072671175003
2.446075201034546 -0.07283513993024826
2.4458231925964355 -0.07324051111936569
2.4458444118499756 -0.07321369647979736
2.4470574855804443 -0.07191132754087448
2.449160099029541 -0.06992241740226746
2.4523305892944336 -0.06731431931257248
2.456787109375 -0.06402243673801422
2.4631690979003906 -0.05980928614735603
2.470935821533203 -0.05534037575125694
2.480380058288574 -0.05044500157237053
2.4915859699249268 -0.04517384245991707
2.504223346710205 -0.0398339182138443
2.5188651084899902 -0.034250419586896896
2.534759521484375 -0.028738029301166534
2.552981376647949 -0.023061370477080345
2.5725955963134766 -0.017479177564382553
2.5925047397613525 -0.012288861908018589
2.6116936206817627 -0.007774543482810259
2.6297237873077393 -0.0038996718358248472
2.647252321243286 -0.00044795707799494267
2.664100408554077 0.002488780068233609
2.680328607559204 0.004972399212419987
2.6955461502075195 0.007048102095723152
2.7104227542877197 0.008810611441731453
2.7249221801757812 0.010336998850107193
2.73895263671875 0.011596741154789925
2.7523913383483887 0.012642472982406616
2.764172077178955 0.01342975627630949
2.7765932083129883 0.014106831513345242
2.78848934173584 0.014631815254688263
2.8000147342681885 0.015027554705739021
2.811063051223755 0.015313614159822464
2.8214962482452393 0.015499684028327465
2.8312835693359375 0.015582260675728321
2.8406221866607666 0.015593004412949085
2.8496203422546387 0.015536066144704819
2.8582067489624023 0.015429042279720306
2.8664157390594482 0.015273192897439003
2.8743197917938232 0.01507764495909214
2.881946325302124 0.014847984537482262
2.889307975769043 0.014588143676519394
2.896178722381592 0.014304731972515583
2.9027740955352783 0.014006074517965317
2.909130096435547 0.013684049248695374
2.915210723876953 0.013345570303499699
2.9211511611938477 0.012996615841984749
2.92677903175354 0.01264978013932705
2.9319684505462646 0.012309986166656017
2.9370906352996826 0.01195781771093607
2.9419851303100586 0.011601502075791359
2.946624279022217 0.01124678272753954
2.9511282444000244 0.010894572362303734
2.9553728103637695 0.010552000254392624
2.959429979324341 0.010213583707809448
2.9634180068969727 0.00987478531897068
2.9671196937561035 0.00955244805663824
2.970730781555176 0.009228226728737354
2.974205493927002 0.008904154412448406
2.977454662322998 0.008593563921749592
2.980585813522339 0.008286384865641594
2.9835991859436035 0.007987850345671177
2.9865264892578125 0.0076916110701859
2.989351749420166 0.00739912036806345
2.991955518722534 0.0071240016259253025
2.9944727420806885 0.006856557447463274
2.996819257736206 0.00660545052960515
2.9991321563720703 0.0063570416532456875
3.001309633255005 0.006121912971138954
3.0033509731292725 0.005899506621062756
3.0052759647369385 0.005687514320015907
3.0071115493774414 0.0054832263849675655
3.008913516998291 0.005279533099383116
3.0106241703033447 0.005082838702946901
3.012356996536255 0.004880921915173531
3.0139193534851074 0.004697352182120085
3.0154902935028076 0.00451124832034111
3.0169973373413086 0.004331247881054878
3.0184292793273926 0.0041588228195905685
3.0197532176971436 0.003998097497969866
3.021043539047241 0.003840457648038864
3.022266149520874 0.0036894299555569887
3.023386240005493 0.0035497427452355623
3.0245745182037354 0.0034010906238108873
3.0256404876708984 0.0032663007732480764
3.0266926288604736 0.003132652025669813
3.0277788639068604 0.002994238631799817
3.0287437438964844 0.002870163880288601
3.0296261310577393 0.002756504574790597
3.0304741859436035 0.002647118177264929
3.0312883853912354 0.002541776979342103
3.0313563346862793 0.0025329552590847015
3.031628131866455 0.0024989056400954723
3.0322961807250977 0.002426890656352043
3.0325005054473877 0.00240711634978652
3.032636880874634 0.0023945856373757124
3.0327048301696777 0.002388892462477088
3.032841205596924 0.0023787720128893852
3.033046007156372 0.0023650401271879673
3.033348560333252 0.0023465105332434177
3.0335536003112793 0.002334630349650979
3.0336170196533203 0.0023311974946409464
3.033719301223755 0.00232631410472095
3.033719301223755 0.00232631410472095
3.033719301223755 0.00232631410472095
3.0336861610412598 0.0023276719730347395
3.0336861610412598 0.0023276719730347395
3.0336861610412598 0.0023276719730347395
3.0336861610412598 0.0023276719730347395
3.0336861610412598 0.0023276719730347395
3.0336861610412598 0.0023276719730347395
3.0336861610412598 0.0023276719730347395
3.0336861610412598 0.0023276719730347395
3.0336861610412598 0.0023276719730347395
3.0336861610412598 0.0023276719730347395
3.0336861610412598 0.0023276719730347395
3.0336861610412598 0.0023276719730347395
3.0336861610412598 0.0023276719730347395
3.0336861610412598 0.0023276719730347395
3.0336861610412598 0.0023276719730347395
3.0336861610412598 0.0023276719730347395
3.0336861610412598 0.0023276719730347395
3.0336861610412598 0.0023276719730347395
3.0336861610412598 0.0023276719730347395
3.0336861610412598 0.0023276719730347395
3.0336861610412598 0.0023276719730347395
3.0336861610412598 0.0023276719730347395
3.0336861610412598 0.0023276719730347395
3.0336861610412598 0.0023276719730347395
3.0336861610412598 0.0023276719730347395
3.0336861610412598 0.0023276719730347395
3.0336861610412598 0.0023276719730347395
3.0336861610412598 0.0023276719730347395
3.0336861610412598 0.0023276719730347395
3.0336861610412598 0.0023276719730347395
3.0336861610412598 0.0023276719730347395
3.0336861610412598 0.0023276719730347395
3.0336861610412598 0.0023276719730347395
3.0336861610412598 0.0023276719730347395
3.0336861610412598 0.0023276719730347395
3.0336861610412598 0.0023276719730347395
3.0336861610412598 0.0023276719730347395
3.0336861610412598 0.0023276719730347395
3.0336861610412598 0.0023276719730347395
3.0336861610412598 0.0023276719730347395
3.0336861610412598 0.0023276719730347395
3.0336861610412598 0.0023276719730347395
3.0336861610412598 0.0023276719730347395
3.0336861610412598 0.0023276719730347395
3.0336861610412598 0.0023276719730347395
3.0336861610412598 0.0023276719730347395
3.0336861610412598 0.0023276719730347395
3.0336861610412598 0.0023276719730347395
3.0336861610412598 0.0023276719730347395
3.0336861610412598 0.0023276719730347395
3.0336861610412598 0.0023276719730347395
3.0336861610412598 0.0023276719730347395
3.0336861610412598 0.0023276719730347395
3.0336861610412598 0.0023276719730347395
3.0336861610412598 0.0023276719730347395
3.0336861610412598 0.0023276719730347395
3.0336861610412598 0.0023276719730347395
3.0336861610412598 0.0023276719730347395
3.0336861610412598 0.0023276719730347395
3.0336861610412598 0.0023276719730347395
3.0336861610412598 0.0023276719730347395
3.0336861610412598 0.0023276719730347395
3.0336861610412598 0.0023276719730347395
3.0336861610412598 0.0023276719730347395
3.0336861610412598 0.0023276719730347395
3.0336861610412598 0.0023276719730347395
3.0336861610412598 0.0023276719730347395
3.0336861610412598 0.0023276719730347395
3.0336861610412598 0.0023276719730347395
3.0336861610412598 0.0023276719730347395
3.0336861610412598 0.0023276719730347395
3.0336861610412598 0.0023276719730347395
3.0336861610412598 0.0023276719730347395
3.0336861610412598 0.0023276719730347395
3.0336861610412598 0.0023276719730347395
3.0336861610412598 0.0023276719730347395
3.0336861610412598 0.0023276719730347395
3.0336861610412598 0.0023276719730347395
3.0336861610412598 0.0023276719730347395
3.0336861610412598 0.0023276719730347395
3.0336861610412598 0.0023276719730347395
