5.254678399069235e-05 0.017443891614675522
5.254678399069235e-05 0.017443891614675522
5.254678399069235e-05 0.017443891614675522
5.254678399069235e-05 0.017443891614675522
5.254678399069235e-05 0.017443891614675522
5.254678399069235e-05 0.017443891614675522
5.254678399069235e-05 0.017443891614675522
5.254678399069235e-05 0.017443891614675522
5.254678399069235e-05 0.017443891614675522
5.254678399069235e-05 0.017443891614675522
5.254678399069235e-05 0.017443891614675522
5.254678399069235e-05 0.017443891614675522
5.254678399069235e-05 0.017443891614675522
5.254678399069235e-05 0.017443891614675522
5.254678399069235e-05 0.017443891614675522
5.254678399069235e-05 0.017443891614675522
5.254678399069235e-05 0.017443891614675522
5.254678399069235e-05 0.017443891614675522
5.254678399069235e-05 0.017443891614675522
5.254678399069235e-05 0.017443891614675522
5.254678399069235e-05 0.017443891614675522
5.254678399069235e-05 0.017443891614675522
5.254678399069235e-05 0.017443891614675522
5.254678399069235e-05 0.017443891614675522
5.254678399069235e-05 0.017443891614675522
5.254678399069235e-05 0.017443891614675522
5.254678399069235e-05 0.017443891614675522
5.254678399069235e-05 0.017443891614675522
5.254678399069235e-05 0.017443891614675522
5.254678399069235e-05 0.017443891614675522
5.254678399069235e-05 0.017443891614675522
5.254678399069235e-05 0.017443891614675522
5.254678399069235e-05 0.017443891614675522
5.254678399069235e-05 0.017443891614675522
5.254678399069235e-05 0.017443891614675522
5.254678399069235e-05 0.017443891614675522
5.254678399069235e-05 0.017443891614675522
5.254678399069235e-05 0.017443891614675522
5.254678399069235e-05 0.017443891614675522
5.254678399069235e-05 0.017443891614675522
5.254678399069235e-05 0.017443891614675522
5.254678399069235e-05 0.017443891614675522
5.254678399069235e-05 0.017443891614675522
5.254678399069235e-05 0.017443891614675522
5.254678399069235e-05 0.017443891614675522
5.254678399069235e-05 0.017443891614675522
5.254678399069235e-05 0.017443891614675522
5.254678399069235e-05 0.017443891614675522
5.254678399069235e-05 0.017443891614675522
5.254678399069235e-05 0.017443891614675522
5.254678399069235e-05 0.017443891614675522
5.254678399069235e-05 0.017443891614675522
5.254678399069235e-05 0.017443891614675522
5.254678399069235e-05 0.017443891614675522
5.254678399069235e-05 0.017443891614675522
5.254678399069235e-05 0.017443891614675522
5.254678399069235e-05 0.017443891614675522
5.254678399069235e-05 0.017443891614675522
5.254678399069235e-05 0.017443891614675522
5.254678399069235e-05 0.017443891614675522
5.254678399069235e-05 0.017443891614675522
5.254678399069235e-05 0.017443891614675522
5.254678399069235e-05 0.017443891614675522
5.254678399069235e-05 0.017443891614675522
5.254678399069235e-05 0.017443891614675522
5.254678399069235e-05 0.017443891614675522
5.254678399069235e-05 0.017443891614675522
5.254678399069235e-05 0.017443891614675522
5.254678399069235e-05 0.017443891614675522
5.254678399069235e-05 0.017443891614675522
0.008338870480656624 0.01710636168718338
0.021763375028967857 0.016612015664577484
0.03305349871516228 0.016278954222798347
0.04361541569232941 0.015989702194929123
0.055148880928754807 0.015688903629779816
0.06689352542161942 0.015416217967867851
0.07878036051988602 0.015181122347712517
0.09058020263910294 0.014977709390223026
0.10253571718931198 0.014782682061195374
0.11442182213068008 0.014605753123760223
0.12626035511493683 0.01444109994918108
0.1381848156452179 0.014286786317825317
0.15010923147201538 0.014152118936181068
0.16191637516021729 0.01402299851179123
0.17380045354366302 0.013891213573515415
0.18576033413410187 0.01375962607562542
0.19781231880187988 0.013631989248096943
0.20983965694904327 0.013508695177733898
0.2218053787946701 0.01337757520377636
0.23379597067832947 0.013255306519567966
0.24564947187900543 0.013142960146069527
0.25760549306869507 0.013032603077590466
0.26966527104377747 0.01291224267333746
0.2815893292427063 0.012799176387488842
0.2935459613800049 0.012692010961472988
0.30557581782341003 0.012585747055709362
0.31759774684906006 0.012478187680244446
0.3300026059150696 0.012365358881652355
0.3417876362800598 0.012258042581379414
0.35371050238609314 0.01214223075658083
0.3654966354370117 0.01203063502907753
0.3773408830165863 0.011927992105484009
0.38936370611190796 0.01182206068187952
0.4013584554195404 0.011722209863364697
0.4132697582244873 0.011633690446615219
0.42522117495536804 0.011532999575138092
0.43728044629096985 0.011412431485950947
0.4492950737476349 0.011295701377093792
0.4612502157688141 0.011186948977410793
0.473276823759079 0.011080064810812473
0.48520222306251526 0.010957003571093082
0.4971258342266083 0.010828394442796707
0.5091133713722229 0.010710397735238075
0.5211141109466553 0.010595793835818768
0.5330023169517517 0.010468846186995506
0.5449256896972656 0.010347092524170876
0.5569592714309692 0.010220976546406746
0.5689138770103455 0.010089319199323654
0.5807726383209229 0.00995686650276184
0.5928373336791992 0.009824000298976898
0.6047919988632202 0.009693843312561512
0.6163432002067566 0.009559721685945988
0.6283028721809387 0.009420371614396572
0.6403297185897827 0.009280676953494549
0.6521820425987244 0.009139264933764935
0.6640226244926453 0.008999664336442947
0.6759464144706726 0.008860225789248943
0.6879055500030518 0.008714091032743454
0.6998660564422607 0.008549855090677738
0.7118914127349854 0.008363742381334305
0.7240198850631714 0.008159431628882885
0.7356825470924377 0.007943169213831425
0.7468823790550232 0.007722222711890936
0.7576371431350708 0.007519987877458334
0.7679378986358643 0.007326515391469002
0.7778035998344421 0.007130822166800499
0.7872233390808105 0.006945029366761446
0.7961550354957581 0.006774112116545439
0.8048539757728577 0.006603100337088108
0.8130742907524109 0.0064342874102294445
0.8210697174072266 0.0062669990584254265
0.8287039995193481 0.006109077483415604
0.836066484451294 0.00595198106020689
0.8431103229522705 0.00579741271212697
0.8497553467750549 0.005650315899401903
0.8561262488365173 0.0055049750953912735
0.8623312711715698 0.005363084375858307
0.8681880235671997 0.005227087065577507
0.8738045692443848 0.0050943391397595406
0.8791471123695374 0.004967767745256424
0.884249210357666 0.004841045010834932
0.8891142010688782 0.004719918128103018
0.8938425779342651 0.004601461347192526
0.8983169198036194 0.004484572447836399
0.9026666879653931 0.004366945009678602
0.9068090915679932 0.004253251478075981
0.9108113050460815 0.0041412790305912495
0.9146112203598022 0.004029449541121721
0.9181721210479736 0.003921545576304197
0.9216971397399902 0.0038136111106723547
0.9250191450119019 0.003708664560690522
0.9270055890083313 0.00364357465878129
0.9277482628822327 0.0036205879878252745
0.9278166890144348 0.0036251735873520374
0.9285575151443481 0.003765207715332508
0.928622841835022 0.003781980136409402
0.9285240173339844 0.00375346839427948
0.928619921207428 0.003790592309087515
0.928739070892334 0.0038500167429447174
0.9286215305328369 0.003779409918934107
0.9288222193717957 0.003921824973076582
0.9289270639419556 0.004009858705103397
0.9288298487663269 0.003913279622793198
0.9346715807914734 0.010684065520763397
0.9426401257514954 0.021339096128940582
0.9488310217857361 0.030682120472192764
0.9542181491851807 0.03979295492172241
0.9594972133636475 0.04987586662173271
0.9643620848655701 0.060341931879520416
0.9688616394996643 0.07119854539632797
0.9729893803596497 0.08232332020998001
0.9767229557037354 0.09354065358638763
0.9800811409950256 0.10476996749639511
0.9831579923629761 0.11621171981096268
0.9859606623649597 0.12776760756969452
0.9884930849075317 0.13935212790966034
0.9908265471458435 0.15124143660068512
0.9929196834564209 0.16311977803707123
0.9947794079780579 0.17496487498283386
0.9964603781700134 0.18696115911006927
0.9979637861251831 0.19885466992855072
0.999312698841095 0.21066617965698242
1.0005297660827637 0.22258949279785156
1.0016183853149414 0.23466746509075165
1.0025312900543213 0.24629747867584229
1.003358244895935 0.25835680961608887
1.0040899515151978 0.2704622447490692
1.0047252178192139 0.282467246055603
1.0052772760391235 0.2944926619529724
1.0057508945465088 0.30647554993629456
1.0061631202697754 0.3184604048728943
1.006516456604004 0.33037376403808594
1.0067981481552124 0.34239843487739563
1.0070157051086426 0.35435473918914795
1.007177710533142 0.36628854274749756
1.0073126554489136 0.37824779748916626
1.0074102878570557 0.3903122842311859
1.0074816942214966 0.40234610438346863
1.0075160264968872 0.414440780878067
1.0075182914733887 0.42650243639945984
1.007493495941162 0.43852585554122925
1.0074436664581299 0.4505876898765564
1.0073778629302979 0.4625762403011322
1.0072940587997437 0.4745784103870392
1.0071873664855957 0.48660707473754883
1.0070604085922241 0.4986982047557831
1.0069135427474976 0.510715663433075
1.0067569017410278 0.5227060317993164
1.006583571434021 0.5347983241081238
1.006369948387146 0.5483719706535339
1.006183385848999 0.5599510073661804
1.0059815645217896 0.5716984868049622
1.0057815313339233 0.583337664604187
1.0055629014968872 0.5952613949775696
1.005334496498108 0.6072877645492554
1.0050852298736572 0.619350016117096
1.0048288106918335 0.6313714385032654
1.0045894384384155 0.643358051776886
1.0043518543243408 0.6554235816001892
1.0040987730026245 0.6675183176994324
1.003839135169983 0.6795756816864014
1.0035889148712158 0.691596508026123
1.0033496618270874 0.7036235928535461
1.0031037330627441 0.7156422734260559
1.0028561353683472 0.7275818586349487
1.0026170015335083 0.7391927242279053
1.0023869276046753 0.7502895593643188
1.0021589994430542 0.7608546614646912
1.0019323825836182 0.7709909081459045
1.0017106533050537 0.7807216048240662
1.0014981031417847 0.790006697177887
1.0013023614883423 0.7989779114723206
1.001128077507019 0.8076111078262329
1.0009870529174805 0.8151907920837402
1.0008361339569092 0.8231052160263062
1.0006955862045288 0.8307110071182251
1.0005663633346558 0.8380221128463745
1.0004469156265259 0.8449084162712097
1.0003283023834229 0.8514859676361084
1.0002208948135376 0.8576837182044983
1.000118374824524 0.8636467456817627
1.0000202655792236 0.8694356083869934
0.9999279975891113 0.8750131726264954
0.9998396039009094 0.8802903294563293
0.9997595548629761 0.8854642510414124
0.9996888041496277 0.8903577923774719
0.9996233582496643 0.8950170874595642
0.9995657205581665 0.8994009494781494
0.9995103478431702 0.9037838578224182
0.9994605183601379 0.907929539680481
0.9994196891784668 0.9118344187736511
0.9993829727172852 0.9156639575958252
0.9993500709533691 0.9192613959312439
0.9993222951889038 0.9227201342582703
0.9992995262145996 0.9260382056236267
0.9992877244949341 0.9279912114143372
0.9992840886116028 0.9285052418708801
0.9992563128471375 0.9288355112075806
0.999148428440094 0.9293379783630371
0.9991667866706848 0.929271936416626
0.9991763830184937 0.9292393922805786
0.9991512298583984 0.9293031096458435
0.999042809009552 0.9295170903205872
0.9989374279975891 0.9296898245811462
0.9989174008369446 0.9297176003456116
0.9989619851112366 0.9296655654907227
0.9990100264549255 0.9296180009841919
0.9922213554382324 0.9354403018951416
0.9815590977668762 0.9435005187988281
0.9722392559051514 0.9497838616371155
0.9634336233139038 0.9551465511322021
0.9535726308822632 0.9604824185371399
0.9431308507919312 0.965485155582428
0.932134747505188 0.9701847434043884
0.921063244342804 0.9744283556938171
0.9099333882331848 0.9782643914222717
0.8987091183662415 0.9817448854446411
0.8872904181480408 0.9849235415458679
0.8757995963096619 0.9878005981445312
0.8641365766525269 0.9904281497001648
0.8524464964866638 0.9927915930747986
0.8408226370811462 0.9948956966400146
0.8345485329627991 0.9959118366241455
0.8253710269927979 0.9973220229148865
0.8112351298332214 0.9993217587471008
0.7988563776016235 1.000853180885315
0.7872717380523682 1.0021029710769653
0.7751040458679199 1.0032821893692017
0.7631257772445679 1.0043251514434814
0.7508947849273682 1.0052521228790283
0.7389581799507141 1.006028413772583
0.7270202040672302 1.0066993236541748
0.7150424718856812 1.007283329963684
0.7029770612716675 1.0077708959579468
0.6910949349403381 1.008171796798706
0.6791390180587769 1.0085076093673706
0.6671247482299805 1.0087940692901611
0.6551366448402405 1.0090186595916748
0.643113374710083 1.009188175201416
0.6310025453567505 1.0093157291412354
0.6190083026885986 1.0094059705734253
0.6070480942726135 1.0094563961029053
0.5949668884277344 1.009469985961914
0.5829359889030457 1.0094581842422485
0.5709707736968994 1.009417176246643
0.5588889718055725 1.0093387365341187
0.5488435626029968 1.0092511177062988
0.5363410711288452 1.0091246366500854
0.5238353610038757 1.0089861154556274
0.5114336609840393 1.0088188648223877
0.4993049204349518 1.0086323022842407
0.48744961619377136 1.0084367990493774
0.47547927498817444 1.0082356929779053
0.4634549021720886 1.0080254077911377
0.4514985978603363 1.0077937841415405
0.43947288393974304 1.0075466632843018
0.4274464249610901 1.0072927474975586
0.41546034812927246 1.0070266723632812
0.40345099568367004 1.006746768951416
0.39140138030052185 1.0064691305160522
0.3793122172355652 1.006203532218933
0.3672722578048706 1.0059353113174438
0.3552801311016083 1.0056520700454712
0.34322431683540344 1.0053746700286865
0.33120644092559814 1.0051037073135376
0.319250226020813 1.004826307296753
0.30716177821159363 1.004542350769043
0.2951122522354126 1.0042625665664673
0.2830915153026581 1.0039763450622559
0.27120116353034973 1.003689169883728
0.25911903381347656 1.0034070014953613
0.24822896718978882 1.0031592845916748
0.23791693150997162 1.0029186010360718
0.22786927223205566 1.0026851892471313
0.21828271448612213 1.002463936805725
0.20917059481143951 1.0022536516189575
0.20045672357082367 1.0020527839660645
0.19196298718452454 1.0018606185913086
0.18384641408920288 1.0016754865646362
0.1760501265525818 1.0015017986297607
0.1686202734708786 1.0013339519500732
0.1614949107170105 1.0011738538742065
0.15466322004795074 1.0010263919830322
0.148121178150177 1.00088632106781
0.14175157248973846 1.0007532835006714
0.13575239479541779 1.0006344318389893
0.12992869317531586 1.0005215406417847
0.12448359280824661 1.000420331954956
0.11916434019804001 1.000321388244629
0.11402888596057892 1.0002297163009644
0.10923200100660324 1.0001468658447266
0.10460848361253738 1.0000598430633545
0.10000012814998627 0.9999682903289795
0.09575295448303223 0.9998987317085266
0.09180346131324768 0.9998404383659363
0.08795657008886337 0.9997860789299011
0.08418958634138107 0.9997348189353943
0.08055821806192398 0.9996877908706665
0.07716783136129379 0.9996428489685059
0.0738779678940773 0.9996029138565063
0.07192488014698029 0.9995810389518738
0.07124926894903183 0.9995729923248291
0.07094287127256393 0.9995372295379639
0.07070992887020111 0.9994798302650452
0.07077480107545853 0.9994997382164001
0.07061247527599335 0.999444842338562
0.07051847130060196 0.9994031190872192
0.07037126272916794 0.9993206262588501
0.07025723159313202 0.9992446303367615
0.07036502659320831 0.9993293285369873
0.07041452080011368 0.9993754029273987
0.06420110911130905 0.9925652742385864
0.055759768933057785 0.9818063974380493
0.04945005849003792 0.9726170897483826
0.0440191887319088 0.9637324213981628
0.038668785244226456 0.9538511633872986
0.033623214811086655 0.943361222743988
0.02890706993639469 0.9323757290840149
0.024620497599244118 0.9212062358856201
0.020729491487145424 0.9098982810974121
0.01722356490790844 0.8985408544540405
0.014045343734323978 0.8870882987976074
0.01117435097694397 0.875535786151886
0.008574755862355232 0.8638688921928406
0.006249589845538139 0.8522060513496399
0.004125265404582024 0.8402974605560303
0.002217548433691263 0.8283891081809998
0.0005130539648234844 0.8165494203567505
-0.0010073755402117968 0.8046523928642273
-0.0023602270521223545 0.7926656603813171
-0.0035464244429022074 0.7807919979095459
-0.004602289758622646 0.7688508629798889
-0.005533760413527489 0.7568275928497314
-0.0063299573957920074 0.744932234287262
-0.007015170529484749 0.7330438494682312
-0.007611849345266819 0.7211045622825623
-0.008143738843500614 0.7090910077095032
-0.008606608025729656 0.6970912218093872
-0.008996434509754181 0.6849738359451294
-0.009317082352936268 0.6729263067245483
-0.009580847807228565 0.6609419584274292
-0.009797335602343082 0.6489185690879822
-0.009961443953216076 0.6368684768676758
-0.0100823063403368 0.6244145035743713
-0.010161959566175938 0.6125273704528809
-0.010209756903350353 0.600584864616394
-0.01021835207939148 0.5886646509170532
-0.010184473358094692 0.5766730308532715
-0.010119963437318802 0.5645530223846436
-0.01004012580960989 0.5524924993515015
-0.009939884766936302 0.5403943657875061
-0.009812824428081512 0.52835613489151
-0.00966090988367796 0.5163663029670715
-0.009488353505730629 0.5043433904647827
-0.009291199967265129 0.4923590123653412
-0.00907472986727953 0.4803324043750763
-0.00885012373328209 0.468409925699234
-0.008616299368441105 0.45644691586494446
-0.008358070626854897 0.4443558156490326
-0.00809257011860609 0.43226784467697144
-0.007834810763597488 0.42027711868286133
-0.007571112364530563 0.40814921259880066
-0.007295255083590746 0.39616453647613525
-0.007020026445388794 0.384147584438324
-0.006743732839822769 0.3720911741256714
-0.006457691080868244 0.36003822088241577
-0.006164992693811655 0.34798380732536316
-0.005878844298422337 0.33601710200309753
-0.0055933459661901 0.3240332305431366
-0.00529842171818018 0.3119562864303589
-0.004994551185518503 0.29997023940086365
-0.004684575833380222 0.28791698813438416
-0.004380798898637295 0.2758774757385254
-0.0040856641717255116 0.264195054769516
-0.0037985211238265038 0.25295889377593994
-0.003517965553328395 0.24230895936489105
-0.0032361198682338 0.2321365922689438
-0.0029596725944429636 0.2224103808403015
-0.002696807263419032 0.21295452117919922
-0.002457662485539913 0.20397934317588806
-0.0022431465331465006 0.19545374810695648
-0.0020454716868698597 0.187093123793602
-0.0018613514257594943 0.17908838391304016
-0.0016853675479069352 0.1713453084230423
-0.0015215332387015224 0.16405043005943298
-0.0013686111196875572 0.15700608491897583
-0.0012290572049096227 0.15032581984996796
-0.0011035471688956022 0.14416326582431793
-0.0009661920485086739 0.13779643177986145
-0.0008431739988736808 0.13187098503112793
-0.0007303597521968186 0.126320481300354
-0.0006240734364837408 0.1208389401435852
-0.0005218060687184334 0.11546478420495987
-0.0004309086943976581 0.11053275316953659
-0.0003487487556412816 0.10592203587293625
-0.00027000735281035304 0.10136555135250092
-0.0001979290827875957 0.0970824807882309
-0.00012676621554419398 0.09288329631090164
-5.928922473685816e-05 0.08880718797445297
2.0293809939175844e-06 0.08503906428813934
5.831627277075313e-05 0.08136467635631561
0.00010931081487797201 0.0779062882065773
0.000155471105244942 0.07454779744148254
0.00018168121459893882 0.07258293777704239
0.00019025758956559002 0.07196608930826187
0.00021084456238895655 0.0717269629240036
0.00030531533411704004 0.07129841297864914
0.00033340268419124186 0.0711994543671608
0.00033340268419124186 0.0711994543671608
0.00037170443101786077 0.07110580056905746
0.00045155733823776245 0.07095419615507126
0.0004699333803728223 0.0709252655506134
0.000429829815402627 0.07097906619310379
0.0005207154317758977 0.07087641954421997
0.0072074648924171925 0.06448563933372498
0.017528895288705826 0.05602750927209854
0.02584618330001831 0.05002693831920624
0.0350610688328743 0.04409966617822647
0.04510945826768875 0.038411762565374374
0.05580192804336548 0.033064380288124084
0.06678193062543869 0.02815977856516838
0.07781745493412018 0.02373293787240982
0.0890403613448143 0.019709685817360878
0.10026470571756363 0.01611441746354103
0.11191533505916595 0.012767271138727665
0.12351328134536743 0.009783333167433739
0.13519929349422455 0.0070905862376093864
0.1468750387430191 0.004691686946898699
0.1586441695690155 0.0025249775499105453
0.17044278979301453 0.0005792605224996805
0.18230994045734406 -0.001146322931163013
0.19434204697608948 -0.0026896274648606777
0.20632393658161163 -0.004048620350658894
0.21828898787498474 -0.005251153372228146
0.23012612760066986 -0.006303904578089714
0.24201460182666779 -0.007260809652507305
0.25401046872138977 -0.00810219906270504
0.2660735249519348 -0.008826345205307007
0.27801305055618286 -0.009441208094358444
0.29002702236175537 -0.009983415715396404
0.3029501736164093 -0.010476971976459026
0.31466206908226013 -0.010841275565326214
0.3264177739620209 -0.011143065057694912
0.3382675349712372 -0.011398945935070515
0.3502943515777588 -0.011602804996073246
0.36232200264930725 -0.011751635000109673
0.37432581186294556 -0.011844740249216557
0.3863862156867981 -0.011884062550961971
0.398347407579422 -0.011883092112839222
0.41032087802886963 -0.011840936727821827
0.4223451316356659 -0.01177434902638197
0.4343414008617401 -0.01168148685246706
0.4463287591934204 -0.011556385084986687
0.45828139781951904 -0.011405471712350845
0.4702077805995941 -0.011222386732697487
0.48203060030937195 -0.011017849668860435
0.493953675031662 -0.010778738185763359
0.5060116052627563 -0.010516849346458912
0.517916202545166 -0.010265134274959564
0.5299023985862732 -0.010017819702625275
0.5419576168060303 -0.009753849357366562
0.5539385080337524 -0.009472434408962727
0.5658954381942749 -0.009187058545649052
0.5778126120567322 -0.008893496356904507
0.5899875164031982 -0.008586636744439602
0.6012482643127441 -0.008298922330141068
0.6133043766021729 -0.00798578280955553
0.6254268288612366 -0.007656987756490707
0.637482762336731 -0.007326237857341766
0.6493673324584961 -0.006994892843067646
0.6613274812698364 -0.00667099142447114
0.6733145117759705 -0.006338063161820173
0.6852021813392639 -0.005994523409754038
0.6971223950386047 -0.005637757945805788
0.7090445756912231 -0.0052816965617239475
0.7209316492080688 -0.0049270642921328545
0.7325746417045593 -0.004578948020935059
0.7439427971839905 -0.004238616209477186
0.7547637224197388 -0.003916687332093716
0.7651088833808899 -0.0036083878949284554
0.7749711871147156 -0.0033315413165837526
0.7845266461372375 -0.0030695588793605566
0.7937763929367065 -0.0028169548604637384
0.8025445342063904 -0.002575282473117113
0.8109325766563416 -0.0023498369846493006
0.8190540671348572 -0.002139013959094882
0.8267927765846252 -0.001939529785886407
0.8342270851135254 -0.0017466639401391149
0.8413730263710022 -0.0015652717556804419
0.8484829068183899 -0.0013924336526542902
0.8548529148101807 -0.0012420297134667635
0.8610051274299622 -0.001096246181987226
0.8669326901435852 -0.0009578388417139649
0.8725839257240295 -0.0008306112140417099
0.8780527114868164 -0.0007073826855048537
0.8832597732543945 -0.000593643169850111
0.8882953524589539 -0.00048577264533378184
0.8930769562721252 -0.000385723018553108
0.8977012038230896 -0.0002900381514336914
0.9021210074424744 -0.00020469303126446903
0.9063246250152588 -0.00012757215881720185
0.9103304147720337 -5.820599471917376e-05
0.9142346978187561 6.452806701418012e-06
0.9178009033203125 6.271817983360961e-05
0.921363115310669 0.00011598598212003708
0.9247544407844543 0.00016348061035387218
0.9268100261688232 0.00019206762954127043
0.9272897839546204 0.00019935665477532893
0.9274253845214844 0.00021140091121196747
0.9281712174415588 0.0003764196881093085
0.9282034039497375 0.00038562578265555203
0.9280410408973694 0.0003371084458194673
0.9281681776046753 0.0003884478355757892
0.9283448457717896 0.00048045269795693457
0.9282014966011047 0.0003909711667802185
0.9283398389816284 0.0004920995561406016
0.9283398389816284 0.0004920995561406016
0.9346356987953186 0.006978247780352831
0.9431539177894592 0.01723085157573223
0.9495610594749451 0.026004288345575333
0.9555222988128662 0.03515927493572235
0.9612820148468018 0.0452091209590435
0.9665163159370422 0.05557599663734436
0.971392035484314 0.06643584370613098
0.975811779499054 0.0774012953042984
0.9797773957252502 0.08835546672344208
0.9833873510360718 0.09949871152639389
0.9867187738418579 0.11094425618648529
0.9897362589836121 0.12247653305530548
0.9924760460853577 0.13424354791641235
0.9949184060096741 0.14601944386959076
0.9970883727073669 0.15774936974048615
0.9990337491035461 0.16952814161777496
1.0007847547531128 0.18139244616031647
1.0023332834243774 0.19324885308742523
1.0037356615066528 0.2052628993988037
1.0050007104873657 0.21732038259506226
1.0060932636260986 0.22902308404445648
1.0070832967758179 0.24114353954792023
1.007947564125061 0.25321003794670105
1.0087004899978638 0.2652505338191986
1.00934898853302 0.2772676646709442
1.0098960399627686 0.28928232192993164
1.0103517770767212 0.30126824975013733
1.0107280015945435 0.3132548928260803
1.0110480785369873 0.3253099322319031
1.0113093852996826 0.33730077743530273
1.0115071535110474 0.34943053126335144
1.0116456747055054 0.36141711473464966
1.0117642879486084 0.3734765648841858
1.0118869543075562 0.38520386815071106
1.011918306350708 0.39729857444763184
1.0118937492370605 0.4093572497367859
1.0118451118469238 0.42136627435684204
1.0117706060409546 0.43338844180107117
1.0116513967514038 0.4454837739467621
1.0115017890930176 0.45744842290878296
1.011337161064148 0.4694386422634125
1.0111643075942993 0.48153331875801086
1.0109754800796509 0.4935941994190216
1.010759949684143 0.5056214332580566
1.0105234384536743 0.5177493095397949
1.010267972946167 0.5299190878868103
1.0100082159042358 0.5419041514396667
1.0097324848175049 0.5539309978485107
1.0094538927078247 0.5660266876220703
1.0091673135757446 0.5780488848686218
1.0088648796081543 0.5900733470916748
1.0085439682006836 0.6021659970283508
1.0082261562347412 0.6141496300697327
1.007905125617981 0.6261754035949707
1.0075764656066895 0.6383014917373657
1.0072382688522339 0.6503572463989258
1.006901502609253 0.6623433232307434
1.0065711736679077 0.6743011474609375
1.0062235593795776 0.6863580942153931
1.0058561563491821 0.6983405947685242
1.0055007934570312 0.7102640867233276
1.0051449537277222 0.7223515510559082
1.004787564277649 0.734233021736145
1.0044571161270142 0.745509147644043
1.0041462182998657 0.7562987208366394
1.0038353204727173 0.7665730714797974
1.003543496131897 0.7765418887138367
1.0032659769058228 0.7861319184303284
1.0030008554458618 0.7952118515968323
1.002737283706665 0.8043222427368164
1.0025044679641724 0.8124205470085144
1.0022872686386108 0.8203312754631042
1.0020813941955566 0.8278653621673584
1.0018881559371948 0.8351764678955078
1.0017049312591553 0.8422669768333435
1.001529574394226 0.8490487337112427
1.0013660192489624 0.855521559715271
1.0012117624282837 0.8617553114891052
1.0010710954666138 0.8676100969314575
1.000938892364502 0.8732467889785767
1.0008147954940796 0.8786272406578064
1.0006964206695557 0.883834958076477
1.00058913230896 0.8887163400650024
1.000482201576233 0.8935462236404419
1.0003883838653564 0.8980337381362915
1.0003020763397217 0.9024062156677246
1.0002217292785645 0.906550943851471
1.000150203704834 0.9104563593864441
1.0000817775726318 0.9142679572105408
1.0000184774398804 0.917897641658783
0.9999592304229736 0.9214268922805786
0.9999034404754639 0.924750566482544
0.9998709559440613 0.9267712235450745
0.9998589754104614 0.9274239540100098
0.999839723110199 0.9275928139686584
0.999675989151001 0.9282582998275757
0.9997273087501526 0.928094744682312
0.9997164607048035 0.9281266927719116
0.9996746778488159 0.9282206296920776
0.9995243549346924 0.9284900426864624
0.9995056986808777 0.9285182356834412
0.9994006156921387 0.9286535978317261
0.9994699954986572 0.928577721118927
0.9926717877388 0.9348360896110535
0.9820363521575928 0.9432072639465332
0.9727435111999512 0.9495867490768433
0.9639223217964172 0.9548816680908203
0.9540456533432007 0.9600987434387207
0.9436883926391602 0.9649748206138611
0.932844340801239 0.9695627689361572
0.9218321442604065 0.9737501740455627
0.9107027649879456 0.9775320887565613
0.8993558883666992 0.9809752702713013
0.8880535364151001 0.9840571880340576
0.8765040636062622 0.9868823885917664
0.8647912740707397 0.9894629716873169
0.8531972169876099 0.9917499423027039
0.8412202000617981 0.9938599467277527
0.829032301902771 0.995789647102356
0.8171910047531128 0.9974769949913025
0.8052950501441956 0.9989890456199646
0.7933804988861084 1.0003312826156616
0.7815404534339905 1.0015287399291992
0.769494354724884 1.002609133720398
0.7574399709701538 1.0035594701766968
0.7455053925514221 1.0043941736221313
0.7334617376327515 1.005143404006958
0.7213811874389648 1.0057978630065918
0.7094080448150635 1.0063468217849731
0.6974561810493469 1.0068191289901733
0.6854015588760376 1.0072317123413086
0.6734079718589783 1.0075715780258179
0.6614519357681274 1.0078438520431519
0.6493930220603943 1.008070468902588
0.6373653411865234 1.0082509517669678
0.6254749298095703 1.0083856582641602
0.6134806275367737 1.0084697008132935
0.6013672351837158 1.0085026025772095
0.5894408822059631 1.00850510597229
0.5774571299552917 1.0084878206253052
0.5652761459350586 1.0084525346755981
0.5532181859016418 1.0083948373794556
0.5408139228820801 1.008311152458191
0.5288434028625488 1.0082072019577026
0.5167550444602966 1.0080721378326416
0.5048996806144714 1.007920265197754
0.4929307997226715 1.0077587366104126
0.48076581954956055 1.0075852870941162
0.4687376022338867 1.0073949098587036
0.4567267596721649 1.007190227508545
0.44463515281677246 1.0069726705551147
0.43254420161247253 1.006752610206604
0.4205222725868225 1.0065197944641113
0.4085353910923004 1.006278395652771
0.39641073346138 1.0060285329818726
0.38444453477859497 1.0057777166366577
0.37252724170684814 1.0055134296417236
0.3605014979839325 1.0052393674850464
0.3485124409198761 1.0049561262130737
0.33659180998802185 1.0046721696853638
0.3245660066604614 1.0043890476226807
0.3124392032623291 1.0041065216064453
0.30041584372520447 1.0038310289382935
0.28839433193206787 1.003552794456482
0.2763710618019104 1.003273367881775
0.26465731859207153 1.003010630607605
0.25375914573669434 1.0027669668197632
0.24306520819664001 1.002510666847229
0.23282308876514435 1.0022556781768799
0.2230987399816513 1.002016544342041
0.21384482085704803 1.0017973184585571
0.20483660697937012 1.001587986946106
0.19616544246673584 1.0013844966888428
0.1879509687423706 1.001200795173645
0.18004007637500763 1.0010294914245605
0.172506183385849 1.0008697509765625
0.16525313258171082 1.0007164478302002
0.15826551616191864 1.0005735158920288
0.15162312984466553 1.0004405975341797
0.14529764652252197 1.0003175735473633
0.13926851749420166 1.00020170211792
0.13348039984703064 1.0000935792922974
0.12784002721309662 0.9999973773956299
0.12246255576610565 0.9999092817306519
0.11739423125982285 0.9998248815536499
0.11251147836446762 0.9997442960739136
0.10795467346906662 0.9996716380119324
0.10353415459394455 0.9996013641357422
0.09930180013179779 0.9995352625846863
0.09519034624099731 0.9994726777076721
0.0911487489938736 0.9994147419929504
0.0872977152466774 0.9993631839752197
0.08349615335464478 0.9993151426315308
0.08013774454593658 0.9992753267288208
0.07694492489099503 0.9992402195930481
0.07365497946739197 0.9992080330848694
0.07170184701681137 0.999190628528595
0.07126297801733017 0.9991860389709473
0.07098975777626038 0.9991632103919983
0.07031901925802231 0.9990231394767761
0.07025299221277237 0.9990045428276062
0.07048240303993225 0.9990746974945068
0.07035644352436066 0.9990230798721313
0.07014752179384232 0.9989137053489685
0.07037956267595291 0.9990594387054443
0.07015880197286606 0.9988966584205627
0.07010790705680847 0.9988522529602051
0.06369435042142868 0.9922305941581726
0.05516856536269188 0.9819384813308716
0.048584625124931335 0.9728597402572632
0.042871590703725815 0.9640284180641174
0.037316564470529556 0.9542989134788513
0.03207334876060486 0.9438917636871338
0.0272456593811512 0.9331054091453552
0.02284131571650505 0.9220981001853943
0.018945513293147087 0.9112352728843689
0.015268003568053246 0.8998250961303711
0.011937113478779793 0.8882745504379272
0.008906051516532898 0.876559317111969
0.006187192164361477 0.8649133443832397
0.003744912799447775 0.8532091975212097
0.0015427230391651392 0.8414043188095093
-0.0004177102819085121 0.8296422958374023
-0.002204867545515299 0.817680299282074
-0.003798848483711481 0.8057340979576111
-0.005205806810408831 0.7938948273658752
-0.0064723556861281395 0.7818683981895447
-0.007589250802993774 0.7698071002960205
-0.008562280796468258 0.7578588128089905
-0.009415785782039165 0.7458652853965759
-0.010155570693314075 0.7338293790817261
-0.010786148719489574 0.7218194007873535
-0.0113138472661376 0.7098707556724548
-0.011753929778933525 0.6978629231452942
-0.01212872751057148 0.6858443021774292
-0.012429360300302505 0.6738555431365967
-0.012652602978050709 0.6618146300315857
-0.012817110866308212 0.6497904062271118
-0.012935998849570751 0.6378327012062073
-0.013019051402807236 0.6249464750289917
-0.013044734485447407 0.6130993962287903
-0.013033442199230194 0.6012427806854248
-0.012999736703932285 0.5893271565437317
-0.012930615805089474 0.5772762894630432
-0.012822932563722134 0.5651149749755859
-0.012681818567216396 0.5529564023017883
-0.012527957558631897 0.5409323573112488
-0.012353921309113503 0.5288975238800049
-0.012161333113908768 0.5169097781181335
-0.011938326992094517 0.5048874020576477
-0.011699333786964417 0.49285680055618286
-0.011452486738562584 0.4808328151702881
-0.01118355244398117 0.46870946884155273
-0.010893781669437885 0.4566122591495514
-0.010605070739984512 0.44462817907333374
-0.010317068547010422 0.43257084488868713
-0.010020110756158829 0.4205605983734131
-0.009686479344964027 0.4086061120033264
-0.009339218959212303 0.39669036865234375
-0.008982150815427303 0.38464605808258057
-0.008627953007817268 0.37262505292892456
-0.008280887268483639 0.3606410622596741
-0.007940052077174187 0.3485437333583832
-0.007613641209900379 0.33730262517929077
-0.007246438413858414 0.32507994771003723
-0.006884148810058832 0.31288620829582214
-0.006524940952658653 0.3006596863269806
-0.006159646436572075 0.2886029779911041
-0.005794762168079615 0.27658626437187195
-0.005434873979538679 0.26484137773513794
-0.005079144611954689 0.25350794196128845
-0.004745869431644678 0.24276894330978394
-0.004434584174305201 0.2325614094734192
-0.004138185642659664 0.22263109683990479
-0.0038628799375146627 0.21312913298606873
-0.003606121987104416 0.20412015914916992
-0.003352983156219125 0.195490300655365
-0.003106864634901285 0.18726275861263275
-0.0028601193334907293 0.17921598255634308
-0.0026337543968111277 0.17164860665798187
-0.00241619860753417 0.16428624093532562
-0.002210992155596614 0.15737023949623108
-0.002011478878557682 0.1507261097431183
-0.0018224266823381186 0.1442868709564209
-0.0016485670348629355 0.1381843388080597
-0.0014854782493785024 0.13229139149188995
-0.0013331025838851929 0.12660498917102814
-0.0011927974410355091 0.1212277039885521
-0.0010460561607033014 0.11540781706571579
-0.0009294750052504241 0.11064916849136353
-0.0008163160528056324 0.10591191053390503
-0.000714135414455086 0.1015641912817955
-0.0006117330631241202 0.09714613854885101
-0.0005174349062144756 0.09302292764186859
-0.00042867485899478197 0.0889124646782875
-0.0003477893187664449 0.08504191040992737
-0.0002749996492639184 0.08141320198774338
-0.000207715347642079 0.07785207778215408
-0.00014658839791081846 0.07452915608882904
-0.00011235634883632883 0.07256924360990524
-0.00010284746531397104 0.07205524295568466
-7.453824218828231e-05 0.0717480406165123
5.858149961568415e-05 0.07115523517131805
6.815791130065918e-05 0.07112232595682144
8.839170186547562e-05 0.07105683535337448
8.839170186547562e-05 0.07105683535337448
0.00015249865828081965 0.07093562930822372
0.00020771056006196886 0.07084894180297852
0.000412236200645566 0.07057373970746994
0.00047984160482883453 0.07049627602100372
0.006936151068657637 0.06425648927688599
0.01723536290228367 0.05575685203075409
0.025646399706602097 0.04967905953526497
0.03475426882505417 0.043828338384628296
0.04496230557560921 0.038072966039180756
0.05560418963432312 0.03276984766125679
0.06653765588998795 0.027927055954933167
0.07773521542549133 0.023492993786931038
0.08887346088886261 0.019537443295121193
0.100304014980793 0.015901587903499603
0.1116890162229538 0.012654503807425499
0.12314040958881378 0.009726621210575104
0.13492372632026672 0.007019407115876675
0.1466246098279953 0.004612992517650127
0.15845425426959991 0.0024459024425596
0.17039693892002106 0.0004952637245878577
0.18243591487407684 -0.0012598121538758278
0.19446277618408203 -0.0028191320598125458
0.20647591352462769 -0.004203831776976585
0.21854084730148315 -0.005428447388112545
0.23049300909042358 -0.006490751169621944
0.24260243773460388 -0.007436491549015045
0.25467362999916077 -0.008267913945019245
0.2666083574295044 -0.008979548700153828
0.27878665924072266 -0.009597252123057842
0.29087090492248535 -0.01011017244309187
0.30405113101005554 -0.010585209354758263
0.31572258472442627 -0.010936269536614418
0.32761070132255554 -0.011223776265978813
0.3393624424934387 -0.01146089006215334
0.35142579674720764 -0.011653395369648933
0.3636496663093567 -0.01180021371692419
0.3758476972579956 -0.011898315511643887
0.38801029324531555 -0.01193888671696186
0.4000655710697174 -0.011936132796108723
0.4121587574481964 -0.01189697626978159
0.42415371537208557 -0.011827852576971054
0.43622303009033203 -0.011720672249794006
0.44834890961647034 -0.011585677042603493
0.4604427218437195 -0.011436691507697105
0.47253450751304626 -0.011257837526500225
0.4847291111946106 -0.011052488349378109
0.4967893958091736 -0.010835224762558937
0.508741557598114 -0.010600373148918152
0.5208657383918762 -0.010356193408370018
0.5329838991165161 -0.010094298049807549
0.5449351072311401 -0.009815176948904991
0.556821882724762 -0.009524612687528133
0.5688114762306213 -0.009222432971000671
0.5806989669799805 -0.008901425637304783
0.592585563659668 -0.008582505397498608
0.6039965748786926 -0.00829055905342102
0.6161481142044067 -0.007984067313373089
0.6282378435134888 -0.007656199857592583
0.6402940154075623 -0.007323149126023054
0.6523546576499939 -0.006994498893618584
0.6643068790435791 -0.0066736615262925625
0.6762252449989319 -0.006346827372908592
0.6882069110870361 -0.006010553799569607
0.7001588940620422 -0.005670080427080393
0.7120413184165955 -0.005324988625943661
0.7240208983421326 -0.004974474664777517
0.7358044981956482 -0.004638161044567823
0.7470383644104004 -0.004317335318773985
0.7577062249183655 -0.004009687807410955
0.7678759694099426 -0.003714534919708967
0.7776048183441162 -0.003430892014876008
0.7869108319282532 -0.003171192714944482
0.7958818674087524 -0.002924245549365878
0.804546058177948 -0.002673034556210041
0.8129640221595764 -0.002430879045277834
0.8209822177886963 -0.0022045187652111053
0.828553318977356 -0.0019982531666755676
0.8358467817306519 -0.001802796614356339
0.8428361415863037 -0.0016178376972675323
0.8494178652763367 -0.0014521604171022773
0.8560059666633606 -0.0012924562906846404
0.8622055649757385 -0.0011429381556808949
0.8681643009185791 -0.0010022238129749894
0.8738196492195129 -0.0008716150769032538
0.8792328834533691 -0.0007515225443057716
0.8844048380851746 -0.0006389090558513999
0.8893840312957764 -0.0005328718689270318
0.8941119313240051 -0.00043838564306497574
0.8986682295799255 -0.00034961383789777756
0.9030145406723022 -0.000265438633505255
0.9071595072746277 -0.00018728607392404228
0.9111340641975403 -0.00011213313700864092
0.9149961471557617 -4.0497870941180736e-05
0.9186614155769348 2.4953093088697642e-05
0.9221221804618835 8.387789421249181e-05
0.9255067110061646 0.00013938909978605807
0.9274928569793701 0.00017054140334948897
0.9280065894126892 0.00017910610768012702
0.9281431436538696 0.0001918503548949957
0.9287111163139343 0.00032101827673614025
0.9287769198417664 0.0003402995062060654
0.9287444949150085 0.00033034212538041174
0.928712785243988 0.0003173923760186881
0.9288685917854309 0.0003993128193542361
0.9289842844009399 0.0004727753112092614
0.9290118217468262 0.0004932225565426052
0.928986132144928 0.00047056848416104913
0.9352210164070129 0.006975189782679081
0.9435977339744568 0.01722758263349533
0.949972927570343 0.02618527039885521
0.9557488560676575 0.0353851392865181
0.961292564868927 0.04535664618015289
0.9665103554725647 0.05596142262220383
0.9711993932723999 0.06668947637081146
0.9754630923271179 0.07756149023771286
0.9793727397918701 0.08861029148101807
0.9829842448234558 0.09996721893548965
0.9862357378005981 0.111399807035923
0.9892083406448364 0.12305527180433273
0.9918896555900574 0.1347842514514923
0.9943172931671143 0.14656229317188263
0.9965132474899292 0.15842296183109283
0.9984836578369141 0.1703307330608368
1.0002247095108032 0.18209320306777954
1.0018000602722168 0.19398300349712372
1.0032023191452026 0.2057541459798813
1.004435658454895 0.2174413502216339
1.005538821220398 0.2293550819158554
1.0065125226974487 0.24118901789188385
1.0073672533035278 0.25297871232032776
1.0081216096878052 0.26487794518470764
1.0087823867797852 0.2768861949443817
1.0093411207199097 0.2888633608818054
1.0098199844360352 0.3007771670818329
1.0102189779281616 0.3128082752227783
1.0105472803115845 0.3248006999492645
1.0108119249343872 0.3367539942264557
1.0110281705856323 0.34870126843452454
1.011187195777893 0.36069244146347046
1.011293649673462 0.3726528584957123
1.0113481283187866 0.3846184015274048
1.0113625526428223 0.3966056704521179
1.0113441944122314 0.40859732031822205
1.0113061666488647 0.4205777645111084
1.0112433433532715 0.43259763717651367
1.0111461877822876 0.4446907937526703
1.0110198259353638 0.45675209164619446
1.0108633041381836 0.46887415647506714
1.0106805562973022 0.480903685092926
1.0104858875274658 0.4929364323616028
1.0102709531784058 0.5048907399177551
1.0100290775299072 0.5168846249580383
1.0097780227661133 0.5288737416267395
1.009515643119812 0.5409284234046936
1.0092417001724243 0.553015947341919
1.0089622735977173 0.5651174783706665
1.008683443069458 0.5771721005439758
1.0083988904953003 0.5891981720924377
1.008094310760498 0.6011892557144165
1.007773995399475 0.6131804585456848
1.0074479579925537 0.6252377033233643
1.0071245431900024 0.6373270750045776
1.0068047046661377 0.6493129730224609
1.0064722299575806 0.6614314913749695
1.006135106086731 0.673433244228363
1.005802035331726 0.6854577660560608
1.0054736137390137 0.6975137591362
1.0051472187042236 0.7095891237258911
1.0048131942749023 0.7216783761978149
1.0044862031936646 0.7334631085395813
1.0041671991348267 0.744732677936554
1.0038516521453857 0.7554174661636353
1.0035490989685059 0.7656905651092529
1.0032671689987183 0.7756039500236511
1.0030072927474976 0.7850594520568848
1.0027618408203125 0.7940678596496582
1.0025348663330078 0.802552342414856
1.0023125410079956 0.8110108375549316
1.0020986795425415 0.8191581964492798
1.0018959045410156 0.8270472884178162
1.0017093420028687 0.8345142006874084
1.0015345811843872 0.8415389657020569
1.0013748407363892 0.8481727242469788
1.0012233257293701 0.8547148108482361
1.0010801553726196 0.8608786463737488
1.0009407997131348 0.8668740391731262
1.0008107423782349 0.8726288676261902
1.0006957054138184 0.8779382109642029
1.000590205192566 0.883212685585022
1.0004903078079224 0.8881716728210449
1.0003955364227295 0.8929665684700012
1.000311017036438 0.897487998008728
1.000231385231018 0.9018717408180237
1.0001602172851562 0.9059810638427734
1.0000920295715332 0.9100576639175415
1.000028133392334 0.9138814210891724
0.9999675154685974 0.9176142811775208
0.999913215637207 0.9211761355400085
0.9998629689216614 0.9244843125343323
0.9998350143432617 0.9264710545539856
0.9998207688331604 0.9273515939712524
0.9997837543487549 0.9277220964431763
0.9997450113296509 0.9278889894485474
0.9997642040252686 0.9278231859207153
0.9997642040252686 0.9278231859207153
0.9996575117111206 0.9280757308006287
0.9996084570884705 0.9281660914421082
0.9996452927589417 0.9281095862388611
0.9996038675308228 0.9281641840934753
0.9996267557144165 0.9281386733055115
0.9929364323616028 0.9344415068626404
0.9826393723487854 0.9429002404212952
0.9737984538078308 0.9494411945343018
0.965300977230072 0.9551001191139221
0.955681324005127 0.960777759552002
0.9452247023582458 0.9662219285964966
0.9345048069953918 0.9711815118789673
0.9235824346542358 0.9757036566734314
0.9124335050582886 0.979843258857727
0.9012144804000854 0.9835781455039978
0.8897919654846191 0.9869906902313232
0.8782068490982056 0.9900901317596436
0.8665995001792908 0.9928777813911438
0.854809045791626 0.9954127669334412
0.8430646657943726 0.9976722002029419
0.830975353717804 0.9997507333755493
0.8191947937011719 1.0015625953674316
0.8074840903282166 1.0031689405441284
0.7956709861755371 1.0046101808547974
0.7837502956390381 1.0059021711349487
0.7718082070350647 1.007044792175293
0.7598706483840942 1.008053183555603
0.7477341294288635 1.0089572668075562
0.7357749938964844 1.009729027748108
0.7238707542419434 1.0103892087936401
0.7118206024169922 1.0109611749649048
0.6997907757759094 1.0114542245864868
0.6878064274787903 1.0118732452392578
0.6758188605308533 1.0122078657150269
0.6636858582496643 1.0124770402908325
0.6517349481582642 1.0126855373382568
0.6397439241409302 1.0128347873687744
0.6275815963745117 1.0129258632659912
0.6155279874801636 1.0129759311676025
0.6035325527191162 1.0129998922348022
0.591472864151001 1.0129865407943726
0.5793776512145996 1.0129284858703613
0.5674183368682861 1.0128272771835327
0.5554576516151428 1.012691855430603
0.5442736148834229 1.0125479698181152
0.5320814251899719 1.0123573541641235
0.5199123620986938 1.012144684791565
0.5077220797538757 1.0119153261184692
0.4955545961856842 1.0116782188415527
0.4835361838340759 1.011419415473938
0.47154468297958374 1.011134386062622
0.45951834321022034 1.0108489990234375
0.44753149151802063 1.010560154914856
0.43551135063171387 1.0102499723434448
0.42338868975639343 1.0099170207977295
0.4113592505455017 1.0095878839492798
0.3993762731552124 1.0092569589614868
0.38735252618789673 1.0089167356491089
0.37533220648765564 1.0085722208023071
0.3633739650249481 1.0082266330718994
0.35134729743003845 1.0078760385513306
0.33922240138053894 1.0075101852416992
0.3272365927696228 1.0071450471878052
0.3152123689651489 1.0067903995513916
0.30327969789505005 1.0064374208450317
0.29143354296684265 1.0060747861862183
0.27972015738487244 1.005694031715393
0.26805251836776733 1.0053168535232544
0.25524696707725525 1.0049246549606323
0.24487550556659698 1.0046086311340332
0.23496125638484955 1.0043014287948608
0.2252015620470047 1.0039982795715332
0.21591944992542267 1.0037262439727783
0.20690515637397766 1.0034701824188232
0.1982063204050064 1.003224492073059
0.18974721431732178 1.0029855966567993
0.18172752857208252 1.0027568340301514
0.1740531325340271 1.0025395154953003
0.16675633192062378 1.0023390054702759
0.15981616079807281 1.0021517276763916
0.15313945710659027 1.0019667148590088
0.14666703343391418 1.0017889738082886
0.14046746492385864 1.0016266107559204
0.1345789134502411 1.0014714002609253
0.12892897427082062 1.0013253688812256
0.12358520925045013 1.0011889934539795
0.1183445006608963 1.0010640621185303
0.11330787092447281 1.000953197479248
0.10834913700819016 1.0008411407470703
0.10372572392225266 1.0007380247116089
0.0992385670542717 1.0006413459777832
0.09514353424310684 1.000556468963623
0.09120374917984009 1.000476598739624
0.08765549957752228 1.0004053115844727
0.08388008922338486 1.000330924987793
0.08024732023477554 1.0002609491348267
0.07678831368684769 1.0001966953277588
0.07356800884008408 1.0001375675201416
0.07164936512708664 1.0001035928726196
0.07110121846199036 1.0000932216644287
0.07086578011512756 1.0000739097595215
0.07039625197649002 0.9999750256538391
0.07033031433820724 0.9999563097953796
0.0703950822353363 0.9999754428863525
0.07014045864343643 0.9998739361763
0.07007952779531479 0.9998425245285034
0.07038972526788712 1.0000354051589966
0.07041744142770767 1.0000555515289307
0.07026176154613495 0.9999212026596069
0.07023784518241882 0.9998966455459595
0.06440436094999313 0.9928948283195496
0.05650078505277634 0.982122004032135
0.05004166439175606 0.9728991985321045
0.04445388540625572 0.9639583230018616
0.03912531957030296 0.954277753829956
0.033996500074863434 0.9438220262527466
0.02920159138739109 0.9329121708869934
0.024976350367069244 0.9221314787864685
0.02099144458770752 0.910749614238739
0.017442792654037476 0.8993990421295166
0.014226588420569897 0.88791823387146
0.011270910501480103 0.87623131275177
0.00864140409976244 0.8645996451377869
0.006293815094977617 0.85299152135849
0.00414018239825964 0.8411552309989929
0.0022095306776463985 0.8293523788452148
0.00048193021211773157 0.8175473809242249
-0.0010829099919646978 0.8055936098098755
-0.002479033311828971 0.7936139106750488
-0.0037310023326426744 0.7816141843795776
-0.004845988005399704 0.7695685625076294
-0.005823831539601088 0.7575839161872864
-0.006672200746834278 0.7455992698669434
-0.007418913301080465 0.7335646152496338
-0.00807130429893732 0.7216265201568604
-0.008633077144622803 0.7096723318099976
-0.009115523658692837 0.6975508332252502
-0.009524088352918625 0.6854653358459473
-0.009872018359601498 0.6735093593597412
-0.010163531638681889 0.6614583134651184
-0.010387795977294445 0.6493299007415771
-0.010555771179497242 0.6367813348770142
-0.010665583424270153 0.6249960660934448
-0.010747403837740421 0.6129701137542725
-0.010784106329083443 0.6010415554046631
-0.010774149559438229 0.5890525579452515
-0.010733313858509064 0.5771242380142212
-0.010658429935574532 0.5650843977928162
-0.010546630248427391 0.5530912280082703
-0.010409270413219929 0.5410962700843811
-0.010261676274240017 0.528965413570404
-0.010103290900588036 0.516900360584259
-0.009913379326462746 0.50484699010849
-0.009705048985779285 0.49275729060173035
-0.00948410201817751 0.4807017743587494
-0.009258832782506943 0.4687020182609558
-0.009016834199428558 0.45664456486701965
-0.008762883953750134 0.4444890022277832
-0.008506594225764275 0.432506799697876
-0.008239414542913437 0.42055296897888184
-0.007959439419209957 0.40842512249946594
-0.007674279622733593 0.39631491899490356
-0.007391109596937895 0.38425660133361816
-0.007109791971743107 0.37223485112190247
-0.006810631603002548 0.3601715862751007
-0.006503819487988949 0.34829989075660706
-0.006191616412252188 0.33638548851013184
-0.005874924827367067 0.32431820034980774
-0.005544474348425865 0.3122938871383667
-0.0052078161388635635 0.30030372738838196
-0.004873077385127544 0.2882108688354492
-0.0045374431647360325 0.2760891914367676
-0.0042140488512814045 0.2644149363040924
-0.003910359460860491 0.2531733810901642
-0.0036223826464265585 0.24238315224647522
-0.003348314668983221 0.23210547864437103
-0.0030913259834051132 0.22224734723567963
-0.0028491902630776167 0.21289676427841187
-0.0026145274750888348 0.20388983190059662
-0.0023895534686744213 0.19515615701675415
-0.0021801269613206387 0.18686580657958984
-0.001980422530323267 0.17891839146614075
-0.0017892009345814586 0.1713075488805771
-0.0016063282964751124 0.16387642920017242
-0.0014394918689504266 0.1568891704082489
-0.0012831855565309525 0.1501733660697937
-0.0011345397215336561 0.14380347728729248
-0.0009959479793906212 0.1376037746667862
-0.0008669193484820426 0.13168758153915405
-0.0007464587688446045 0.12600374221801758
-0.0006366638117469847 0.12075654417276382
-0.0005298829637467861 0.11558649688959122
-0.00043379361159168184 0.11065324395895004
-0.0003392961516510695 0.10582465678453445
-0.00025088858092203736 0.10137246549129486
-0.0001671035133767873 0.09698764234781265
-9.314309863839298e-05 0.09294551610946655
-2.1362051484175026e-05 0.08890362083911896
4.2560270230751485e-05 0.08513526618480682
0.00010245894372928888 0.0815037339925766
0.00015737861394882202 0.07806164771318436
0.00020966166630387306 0.07477404922246933
0.0002414323971606791 0.07278759777545929
0.00025563326198607683 0.07203629612922668
0.0003001682343892753 0.071662038564682
0.0003246534615755081 0.07156217098236084
0.0003641127550508827 0.07143362611532211
0.0004298844141885638 0.07123884558677673
0.0004993716138415039 0.07108219712972641
0.0005326641839928925 0.07102309167385101
0.0005517955869436264 0.07099466025829315
0.0007207887247204781 0.0707787275314331
0.000674926326610148 0.07082847505807877
0.007483641617000103 0.06461585313081741
0.01807674765586853 0.05631640553474426
0.02738346718251705 0.049902401864528656
0.0362883023917675 0.04443640634417534
0.04628864303231239 0.03900943696498871
0.056780122220516205 0.03397535905241966
0.06764690577983856 0.02932269498705864
0.07891339063644409 0.02500585839152336
0.09027435630559921 0.021121131256222725
0.10157690942287445 0.01766488328576088
0.1130814477801323 0.014511223882436752
0.12469261139631271 0.011640945449471474
0.13643591105937958 0.009031481109559536
0.148298442363739 0.006669849157333374
0.16027067601680756 0.0045361267402768135
0.17224456369876862 0.0026193547528237104
0.18428438901901245 0.0008950380142778158
0.1962307095527649 -0.0006352255586534739
0.20811444520950317 -0.001996841747313738
0.22018180787563324 -0.003232663730159402
0.23226436972618103 -0.004322998225688934
0.24425740540027618 -0.005273179151117802
0.25635847449302673 -0.006113057490438223
0.26852670311927795 -0.006855675019323826
0.28056707978248596 -0.007498713675886393
0.29328474402427673 -0.00807475671172142
0.30529072880744934 -0.008528456091880798
0.31727030873298645 -0.008914857171475887
0.3291230797767639 -0.009239411912858486
0.3411983847618103 -0.00950783770531416
0.35332417488098145 -0.009713034145534039
0.36537936329841614 -0.009858107194304466
0.3773460388183594 -0.009958898648619652
0.3894072473049164 -0.010016310960054398
0.40150079131126404 -0.010038609616458416
0.4135838449001312 -0.010028957389295101
0.42570924758911133 -0.009998778812587261
0.4377698600292206 -0.009937779046595097
0.4498504400253296 -0.009837634861469269
0.4619418680667877 -0.009712078608572483
0.4740344285964966 -0.009580551646649837
0.48611336946487427 -0.009435576386749744
0.4982079863548279 -0.00925836805254221
0.5103351473808289 -0.009065688587725163
0.5223556160926819 -0.008862849324941635
0.534418523311615 -0.008644896559417248
0.546545684337616 -0.008401273749768734
0.5586684942245483 -0.008153523318469524
0.5707270503044128 -0.007908595725893974
0.5827853083610535 -0.007648984435945749
0.594785213470459 -0.007375841960310936
0.6065702438354492 -0.007093756925314665
0.6184573769569397 -0.006794734392315149
0.6303203701972961 -0.006488482933491468
0.6422403454780579 -0.00617941003292799
0.6540919542312622 -0.005865698214620352
0.6661058664321899 -0.0055411821231245995
0.6780590415000916 -0.005223945714533329
0.6900833249092102 -0.0049142069183290005
0.7020219564437866 -0.004607608541846275
0.7139765024185181 -0.00429808534681797
0.7258634567260742 -0.003991029225289822
0.7374839186668396 -0.0036889328621327877
0.7486811280250549 -0.0033904395531862974
0.7592973113059998 -0.0031098229810595512
0.7693692445755005 -0.0028529390692710876
0.7790281772613525 -0.0026266458444297314
0.7884830236434937 -0.0024054120294749737
0.7975143790245056 -0.0021939603611826897
0.8062124252319336 -0.0019910037517547607
0.8145340085029602 -0.0017987421015277505
0.8224837183952332 -0.0016108234412968159
0.8300524353981018 -0.0014358023181557655
0.8372473120689392 -0.0012800203403458
0.8444377779960632 -0.0011250288225710392
0.8509790301322937 -0.0009776698425412178
0.8573163747787476 -0.000837784493342042
0.8632952570915222 -0.0007079884526319802
0.8691539764404297 -0.000582993496209383
0.87466961145401 -0.0004682923317886889
0.8800055384635925 -0.000358446326572448
0.8851093053817749 -0.0002560860593803227
0.8899717926979065 -0.000162134732818231
0.8947061896324158 -7.232570351334289e-05
0.8991918563842773 1.2645337847061455e-05
0.903508722782135 8.85701083461754e-05
0.907658040523529 0.0001577757066115737
0.9115296006202698 0.0002199872542405501
0.9154016971588135 0.00027814722852781415
0.9189755320549011 0.0003278869844507426
0.9224699139595032 0.0003736579092219472
0.9257930517196655 0.0004156077920924872
0.9277897477149963 0.0004387666122056544
0.9283037781715393 0.00044525740668177605
0.9286102652549744 0.0004801028408110142
0.9292998909950256 0.000648279907181859
0.9291686415672302 0.0006086875218898058
0.9292988777160645 0.0006516955327242613
0.9292392730712891 0.0006259895162656903
0.9295105338096619 0.0007725278264842927
0.9297409057617188 0.0009212769218720496
0.9297947883605957 0.0009622122743166983
0.9298967123031616 0.0010538928909227252
0.9359319806098938 0.007469364907592535
0.9440653324127197 0.01760002411901951
0.9504593014717102 0.026835989207029343
0.9561939835548401 0.03634178638458252
0.961618185043335 0.04655011370778084
0.9664989113807678 0.056866355240345
0.9710395932197571 0.06754812598228455
0.9751704931259155 0.07836034148931503
0.9790159463882446 0.0895751491189003
0.9825133681297302 0.10097440332174301
0.9856927990913391 0.11256008595228195
0.9885693788528442 0.12423931062221527
0.9911577105522156 0.13594800233840942
0.9935039281845093 0.1477763056755066
0.9955866932868958 0.15951848030090332
0.997465193271637 0.17135734856128693
0.9991621971130371 0.18330664932727814
1.0006625652313232 0.19517071545124054
1.0020028352737427 0.2071850299835205
1.003158688545227 0.2189662754535675
1.0042041540145874 0.23096629977226257
1.0051279067993164 0.2429581582546234
1.005946397781372 0.2550601065158844
1.00666344165802 0.267067551612854
1.0072790384292603 0.27908211946487427
1.007810115814209 0.291085809469223
1.008266806602478 0.30300018191337585
1.0086461305618286 0.31498292088508606
1.008943796157837 0.3269524872303009
1.0091731548309326 0.33887341618537903
1.0093683004379272 0.3508593738079071
1.009516716003418 0.36292609572410583
1.0096166133880615 0.37501391768455505
1.0096843242645264 0.3870387673377991
1.0097225904464722 0.39912745356559753
1.0097218751907349 0.4111559987068176
1.0096864700317383 0.42314672470092773
1.0096267461776733 0.4351831376552582
1.0095431804656982 0.44727492332458496
1.0094399452209473 0.4593343734741211
1.009307622909546 0.4713731110095978
1.0091527700424194 0.4834322929382324
1.0089770555496216 0.4955289959907532
1.0087915658950806 0.5075564384460449
1.0085862874984741 0.5202202796936035
1.0083733797073364 0.5321438312530518
1.0081523656845093 0.5439729690551758
1.007920742034912 0.5558276176452637
1.007663607597351 0.5678841471672058
1.0073950290679932 0.5798379778862
1.0071245431900024 0.5917961001396179
1.0068378448486328 0.6038889288902283
1.0065395832061768 0.6159974336624146
1.0062437057495117 0.6279497146606445
1.0059505701065063 0.6400400400161743
1.0056521892547607 0.6521334648132324
1.0053516626358032 0.6641196012496948
1.005053162574768 0.6761435866355896
1.004745602607727 0.6882822513580322
1.0044302940368652 0.7003734707832336
1.0041271448135376 0.7123586535453796
1.003832459449768 0.7244279384613037
1.0035439729690552 0.7361699342727661
1.0032612085342407 0.7474358081817627
1.0029982328414917 0.7580527067184448
1.0027501583099365 0.7683250308036804
1.0025126934051514 0.7781239151954651
1.0022915601730347 0.7874128818511963
1.0020796060562134 0.796251654624939
1.001868724822998 0.8049852252006531
1.0016697645187378 0.8133409023284912
1.0014793872833252 0.8213212490081787
1.001302719116211 0.8288555145263672
1.0011343955993652 0.8359988331794739
1.0009714365005493 0.8429897427558899
1.0008188486099243 0.8496687412261963
1.000676155090332 0.85608971118927
1.0005462169647217 0.8622227311134338
1.0004289150238037 0.8680804967880249
1.0003224611282349 0.8737082481384277
1.000220537185669 0.879153311252594
1.0001300573349 0.8843244314193726
1.0000450611114502 0.8893263339996338
0.9999684691429138 0.8939158916473389
0.9999021291732788 0.8984041213989258
0.9998418092727661 0.9027541279792786
0.9997829794883728 0.9069921970367432
0.9997321367263794 0.9109652042388916
0.9996870756149292 0.9146985411643982
0.9996441602706909 0.9183288812637329
0.9996028542518616 0.9218918681144714
0.9995678663253784 0.925214409828186
0.999548614025116 0.927168071269989
0.9995409846305847 0.9278531074523926
0.9995110034942627 0.9281256198883057
0.999432384967804 0.9284529685974121
0.9994714856147766 0.9283215999603271
0.9994714856147766 0.9283215999603271
0.999415397644043 0.9284451007843018
0.9993138909339905 0.9286240339279175
0.9992176294326782 0.9287658333778381
0.9991757869720459 0.9288181662559509
0.99924635887146 0.9287433624267578
0.9924466013908386 0.9348658323287964
0.9818156957626343 0.943078875541687
0.972623348236084 0.9493128061294556
0.9635549783706665 0.9547831416130066
0.9535693526268005 0.9601191282272339
0.9431776404380798 0.9650786519050598
0.9324350357055664 0.9696811437606812
0.9214033484458923 0.9739247560501099
0.910194456577301 0.9777865409851074
0.8986979722976685 0.9813175797462463
0.8871985077857971 0.9844902753829956
0.8755980730056763 0.9873804450035095
0.8638949990272522 0.9900034666061401
0.852174699306488 0.9923699498176575
0.840366780757904 0.9945075511932373
0.8284380435943604 0.9964501261711121
0.8165833353996277 0.9981816411018372
0.8046942949295044 0.9997336864471436
0.7926819324493408 1.0011277198791504
0.7807518243789673 1.002359390258789
0.7688155770301819 1.0034546852111816
0.7568234801292419 1.0044163465499878
0.7448912262916565 1.005250334739685
0.7330266833305359 1.005977749824524
0.7210846543312073 1.0066174268722534
0.7091019153594971 1.007164478302002
0.697059690952301 1.0076402425765991
0.6849645972251892 1.0080537796020508
0.6729131937026978 1.008399248123169
0.6609271764755249 1.0086809396743774
0.6488578915596008 1.0089088678359985
0.6367645859718323 1.0090759992599487
0.624738872051239 1.0092120170593262
0.6127434968948364 1.0093134641647339
0.6006447672843933 1.0093683004379272
0.5885851979255676 1.009378433227539
0.576623797416687 1.0093584060668945
0.5645282864570618 1.0093094110488892
0.5525454878807068 1.0092244148254395
0.5404824614524841 1.009116530418396
0.5284199118614197 1.008996844291687
0.5162583589553833 1.0088540315628052
0.5041953921318054 1.0086843967437744
0.49230822920799255 1.008500099182129
0.48024463653564453 1.0083049535751343
0.4682959318161011 1.008090615272522
0.4563414752483368 1.0078526735305786
0.4443531036376953 1.0075987577438354
0.43223097920417786 1.0073415040969849
0.4202742278575897 1.0070880651474
0.4081794321537018 1.0068230628967285
0.3960725963115692 1.0065603256225586
0.38405126333236694 1.0062992572784424
0.3720351457595825 1.0060288906097412
0.3599320352077484 1.0057414770126343
0.3478725850582123 1.0054556131362915
0.335955411195755 1.005173921585083
0.3239583969116211 1.0048871040344238
0.3118657171726227 1.0045944452285767
0.29987654089927673 1.004311203956604
0.28782153129577637 1.004022479057312
0.2757616341114044 1.0037305355072021
0.264236181974411 1.0034435987472534
0.253162682056427 1.0031651258468628
0.24257898330688477 1.002903938293457
0.23250548541545868 1.0026605129241943
0.22294563055038452 1.002433180809021
0.21370097994804382 1.0022107362747192
0.2047629952430725 1.0019943714141846
0.1960953325033188 1.0017825365066528
0.18780821561813354 1.0015901327133179
0.179962158203125 1.0014119148254395
0.17248515784740448 1.0012379884719849
0.16515380144119263 1.00107741355896
0.15830372273921967 1.0009281635284424
0.1515340805053711 1.000788688659668
0.14519725739955902 1.0006598234176636
0.1392018049955368 1.0005371570587158
0.13343161344528198 1.0004231929779053
0.1278153955936432 1.0003198385238647
0.12243644148111343 1.0002262592315674
0.1172134280204773 1.0001370906829834
0.11228279024362564 1.0000559091567993
0.10758807510137558 0.9999851584434509
0.10300944745540619 0.9999129176139832
0.09862625598907471 0.9998462200164795
0.09447955340147018 0.9997884631156921
0.09032652527093887 0.9997338652610779
0.08652359247207642 0.99968421459198
0.08289246261119843 0.9996398091316223
0.07937733083963394 0.9995993971824646
0.07605338841676712 0.9995641708374023
0.0740322396159172 0.9995434880256653
0.07333379983901978 0.999535858631134
0.07333379983901978 0.999535858631134
0.07273130863904953 0.9994040727615356
0.07266544550657272 0.9993851184844971
0.07266544550657272 0.9993851184844971
0.07266544550657272 0.9993851184844971
0.072516068816185 0.9993060231208801
0.07277636975049973 0.9994715452194214
0.07274888455867767 0.9994511008262634
0.07257196307182312 0.999294638633728
0.06621328741312027 0.9926258325576782
0.05775320157408714 0.9822800755500793
0.05122845619916916 0.9732322692871094
0.04554465785622597 0.9644274115562439
0.03994109854102135 0.9546473622322083
0.03466920182108879 0.9442262053489685
0.029809726402163506 0.9334089159965515
0.025352973490953445 0.9223409295082092
0.02140924334526062 0.9113956093788147
0.017731694504618645 0.8999826908111572
0.014431826770305634 0.8885264992713928
0.011419996619224548 0.8768404126167297
0.008704607374966145 0.8651620149612427
0.006234128028154373 0.8533533811569214
0.004022611305117607 0.8414958119392395
0.0020521613769233227 0.8296353816986084
0.0002962165744975209 0.8177762627601624
-0.0012932405807077885 0.805827260017395
-0.0027002247516065836 0.7939850687980652
-0.003939708229154348 0.7821207046508789
-0.005036934278905392 0.7701500058174133
-0.005994556937366724 0.7581643462181091
-0.006834734696894884 0.7462676167488098
-0.007589688524603844 0.7342186570167542
-0.008253945969045162 0.7221755981445312
-0.00881908182054758 0.7101271748542786
-0.009298959746956825 0.6981013417243958
-0.009716219268739223 0.6860468983650208
-0.010066668502986431 0.6740589141845703
-0.010340987704694271 0.6620110869407654
-0.010550625622272491 0.6499482989311218
-0.010726106353104115 0.6379591226577759
-0.010862600058317184 0.625888466835022
-0.010940423235297203 0.6138341426849365
-0.010971149429678917 0.6017447710037231
-0.010965786874294281 0.5896703600883484
-0.010937897488474846 0.5776412487030029
-0.010885611176490784 0.5656169056892395
-0.010805176571011543 0.5536321401596069
-0.010689704678952694 0.5416108965873718
-0.010550404898822308 0.5296549201011658
-0.010382603853940964 0.5176650285720825
-0.01018624845892191 0.5056073069572449
-0.009973990730941296 0.4935794472694397
-0.009758491069078445 0.4815766215324402
-0.009529485367238522 0.4695203900337219
-0.009289063513278961 0.4574602544307709
-0.009038742631673813 0.4454393684864044
-0.008779373951256275 0.4333855211734772
-0.008508495055139065 0.42136529088020325
-0.008224256336688995 0.40924909710884094
-0.007949712686240673 0.39725619554519653
-0.007670243736356497 0.38522735238075256
-0.007370727136731148 0.3732104003429413
-0.007065200246870518 0.36121854186058044
-0.006756588350981474 0.34916141629219055
-0.006444820202887058 0.33709999918937683
-0.006123651750385761 0.32498058676719666
-0.0058158645406365395 0.31295743584632874
-0.0055085462518036366 0.30088645219802856
-0.005188568960875273 0.2887991964817047
-0.004860217217355967 0.2768431007862091
-0.00455382838845253 0.26513373851776123
-0.0042481026612222195 0.25383034348487854
-0.003942018840461969 0.24318164587020874
-0.003645919729024172 0.23294804990291595
-0.003367295954376459 0.22301746904850006
-0.0031092155259102583 0.21359622478485107
-0.002871052362024784 0.20450247824192047
-0.0026489351876080036 0.19576767086982727
-0.002438712865114212 0.1874091923236847
-0.0022342277225106955 0.1793452501296997
-0.0020454153418540955 0.17170755565166473
-0.0018677882617339492 0.1643446534872055
-0.0017008759314194322 0.15737321972846985
-0.00154351897072047 0.15059086680412292
-0.001395633677020669 0.1442187875509262
-0.001251690904609859 0.13801638782024384
-0.0011159981368109584 0.13208933174610138
-0.0009887026390060782 0.12647442519664764
-0.0008697564480826259 0.12101734429597855
-0.0007595077622681856 0.11584743857383728
-0.0006565993535332382 0.1108127310872078
-0.0005622315220534801 0.10610152781009674
-0.000470413186121732 0.10144373029470444
-0.00038606382440775633 0.09712808579206467
-0.0003077584260609001 0.09291961789131165
-0.00023662720923312008 0.08891259133815765
-0.00017042367835529149 0.08500758558511734
-0.00011268560774624348 0.08135315775871277
-5.908431558054872e-05 0.07789286971092224
-9.718380169942975e-06 0.0745353251695633
3.6013880162499845e-05 0.07135093212127686
7.846522203180939e-05 0.0683697983622551
0.00012013233208563179 0.06538930535316467
0.00015988675295375288 0.06246906891465187
0.00019553606398403645 0.059763144701719284
0.00022750807693228126 0.05719313770532608
0.0002564007299952209 0.05473171919584274
0.0002827938296832144 0.05236739292740822
0.00030695629538968205 0.05010541155934334
0.0003300068201497197 0.04793889448046684
0.00034992917790077627 0.045815322548151016
0.00036585613270290196 0.04372444003820419
0.0003794731164816767 0.04187026992440224
0.0003918414004147053 0.04011794552206993
0.00040373275987803936 0.0384053960442543
0.0004133566399104893 0.036845143884420395
0.00042255030712112784 0.03530338779091835
0.0004296866536606103 0.03389839455485344
0.0004366329521872103 0.032462574541568756
0.00044278931454755366 0.031024115160107613
0.0004478670016396791 0.02972179278731346
0.000451818632427603 0.02849218249320984
0.0004546200216282159 0.027327310293912888
0.00045665132347494364 0.02619694545865059
0.00045788809075020254 0.02511485293507576
0.0004579495871439576 0.02401850000023842
0.00045772737939842045 0.022990519180893898
0.00045708194375038147 0.022010957822203636
0.00045629162923432887 0.021086113527417183
0.0004547222051769495 0.020161675289273262
0.00045253243297338486 0.01931588537991047
0.00044996305950917304 0.018562018871307373
0.00044986032298766077 0.018527748063206673
0.0004876198654528707 0.017685096710920334
0.0005474654026329517 0.01734786294400692
0.0005474654026329517 0.01734786294400692
0.0005474654026329517 0.01734786294400692
0.0005210915696807206 0.017414044588804245
0.0006144480430521071 0.017230983823537827
0.0006865442846901715 0.01711438223719597
0.0006662975065410137 0.017142027616500854
0.0006662975065410137 0.017142027616500854
0.0005437200306914747 0.017261765897274017
0.0004654250224120915 0.017326276749372482
0.0004935426986776292 0.01730669103562832
0.00043432670645415783 0.017341269180178642
0.0005561704747378826 0.017280545085668564
0.0004932775045745075 0.017307832837104797
0.0005253314739093184 0.017295680940151215
0.0005253314739093184 0.017295680940151215
0.0004264050512574613 0.01732373796403408
0.0004264050512574613 0.01732373796403408
0.0004923696396872401 0.01730957254767418
0.00045867619337514043 0.017315847799181938
0.00042483906145207584 0.017321299761533737
0.00042483906145207584 0.017321299761533737
0.0005268626264296472 0.017308704555034637
0.0005609290674328804 0.017305035144090652
0.000594650802668184 0.01730191335082054
0.0006629617419093847 0.01729634962975979
0.0006971378461457789 0.017293915152549744
0.0007308896747417748 0.01729184202849865
0.0007641927804797888 0.017290083691477776
0.0008668765658512712 0.01728539913892746
0.0007993691833689809 0.017288167029619217
0.0007651143241673708 0.017289571464061737
0.0007308481726795435 0.01729094609618187
0.0007308481726795435 0.01729094609618187
0.0007308481726795435 0.01729094609618187
0.0007308481726795435 0.01729094609618187
0.0007308481726795435 0.01729094609618187
0.0007308481726795435 0.01729094609618187
0.0007308481726795435 0.01729094609618187
0.0007651316118426621 0.01728958450257778
0.0007651316118426621 0.01728958450257778
0.0007651316118426621 0.01728958450257778
0.0007651316118426621 0.01728958450257778
0.0007651316118426621 0.01728958450257778
0.0007651316118426621 0.01728958450257778
0.0007651316118426621 0.01728958450257778
0.0007651316118426621 0.01728958450257778
0.0007651316118426621 0.01728958450257778
0.0007651316118426621 0.01728958450257778
0.0007651316118426621 0.01728958450257778
0.0007651316118426621 0.01728958450257778
0.0007651316118426621 0.01728958450257778
0.0007651316118426621 0.01728958450257778
0.0007651316118426621 0.01728958450257778
0.0007651316118426621 0.01728958450257778
0.0007651316118426621 0.01728958450257778
0.0007651316118426621 0.01728958450257778
0.0007651316118426621 0.01728958450257778
0.0007651316118426621 0.01728958450257778
0.0007651316118426621 0.01728958450257778
0.0007651316118426621 0.01728958450257778
0.0007651316118426621 0.01728958450257778
0.0007651316118426621 0.01728958450257778
0.0007651316118426621 0.01728958450257778
0.0007651316118426621 0.01728958450257778
0.0007651316118426621 0.01728958450257778
0.0007651316118426621 0.01728958450257778
0.0007651316118426621 0.01728958450257778
0.0007651316118426621 0.01728958450257778
0.0007651316118426621 0.01728958450257778
0.0007651316118426621 0.01728958450257778
0.0007651316118426621 0.01728958450257778
0.0007651316118426621 0.01728958450257778
0.0007651316118426621 0.01728958450257778
0.0007651316118426621 0.01728958450257778
0.0007651316118426621 0.01728958450257778
0.0007651316118426621 0.01728958450257778
0.0007651316118426621 0.01728958450257778
0.0007651316118426621 0.01728958450257778
0.0007651316118426621 0.01728958450257778
0.0007651316118426621 0.01728958450257778
0.0007651316118426621 0.01728958450257778
0.0007651316118426621 0.01728958450257778
0.0007651316118426621 0.01728958450257778
0.0007651316118426621 0.01728958450257778
0.0007651316118426621 0.01728958450257778
0.0007651316118426621 0.01728958450257778
0.0007651316118426621 0.01728958450257778
0.0007651316118426621 0.01728958450257778
0.0007651316118426621 0.01728958450257778
0.0007651316118426621 0.01728958450257778
0.0007651316118426621 0.01728958450257778
0.0007651316118426621 0.01728958450257778
0.0007651316118426621 0.01728958450257778
0.0007651316118426621 0.01728958450257778
0.0007651316118426621 0.01728958450257778
0.0007651316118426621 0.01728958450257778
0.0007651316118426621 0.01728958450257778
0.0007651316118426621 0.01728958450257778
0.0007651316118426621 0.01728958450257778
0.0007651316118426621 0.01728958450257778
0.0007651316118426621 0.01728958450257778
0.0007651316118426621 0.01728958450257778
0.0007651316118426621 0.01728958450257778
0.0007651316118426621 0.01728958450257778
0.0007651316118426621 0.01728958450257778
0.0007651316118426621 0.01728958450257778
0.0007651316118426621 0.01728958450257778
